qseqid	sseqid	pident	length	mismatch	evalue	bitscore
MSTRG.73.1	Migut.G00774.1	93.384	1058	52	0.0	1550
MSTRG.84.2	Migut.G00783.1	96.789	1059	34	0.0	1768
MSTRG.163.2	Migut.C00215.1	95.250	400	18	8.29e-180	632
MSTRG.313.1	Migut.M00969.1	97.030	1010	30	0.0	1700
MSTRG.365.1	Migut.N00974.1	96.482	199	7	6.55e-89	329
MSTRG.427.1	Migut.J00685.1	91.238	1769	150	0.0	2403
MSTRG.470.2	Migut.D00179.4	97.579	661	16	0.0	1133
MSTRG.508.1	Migut.E00132.1	94.666	1556	55	0.0	2388
MSTRG.546.4	Migut.E00100.2	94.721	341	7	7.32e-146	520
MSTRG.611.3	Migut.A00236.1	98.871	886	10	0.0	1581
MSTRG.654.4	Migut.I00395.1	98.377	308	4	7.16e-152	540
MSTRG.672.1	Migut.F01552.1	94.149	564	29	0.0	856
MSTRG.728.1	Migut.J00043.1	89.178	499	18	9.87e-168	590
MSTRG.732.1	Migut.J00046.1	91.696	289	18	1.63e-109	396
MSTRG.757.3	Migut.J00074.3	93.011	372	11	5.81e-149	529
MSTRG.788.1	Migut.J00114.1	93.530	541	20	0.0	791
MSTRG.855.1	Migut.I00944.1	93.610	1424	76	0.0	2111
MSTRG.904.2	Migut.H00420.1	93.018	487	8	0.0	688
MSTRG.911.1	Migut.H00430.1	93.857	407	18	4.78e-172	606
MSTRG.976.1	Migut.A00483.1	90.753	584	19	0.0	747
MSTRG.1018.1	Migut.M00660.4	88.281	256	11	1.45e-76	289
MSTRG.1040.26	Migut.M00662.2	90.687	451	15	1.90e-162	575
MSTRG.1084.2	Migut.D00473.4	97.746	488	7	0.0	837
MSTRG.1086.2	Migut.D00459.3	98.618	217	3	1.48e-105	385
MSTRG.1122.2	Migut.K00997.2	87.533	377	33	5.26e-117	424
MSTRG.1133.1	Migut.N00035.1	92.679	560	11	0.0	780
MSTRG.1188.1	Migut.M00656.1	93.193	2321	90	0.0	3349
MSTRG.1193.9	Migut.M00662.2	93.192	426	23	1.37e-176	621
MSTRG.1193.16	Migut.M00661.3	96.403	417	12	0.0	684
MSTRG.1216.1	Migut.J00188.1	98.084	261	5	2.60e-127	455
MSTRG.1281.1	Migut.C00095.1	96.708	486	13	0.0	806
MSTRG.1285.1	Migut.H02257.1	95.333	1307	52	0.0	2067
MSTRG.1336.2	Migut.H02307.1	92.754	483	29	0.0	693
MSTRG.1380.1	Migut.B00201.1	94.684	395	16	8.92e-173	608
MSTRG.1456.2	Migut.H02557.1	98.995	199	2	4.51e-97	357
MSTRG.1459.1	Migut.H00794.1	91.741	448	23	4.05e-173	610
MSTRG.1459.2	Migut.H00794.1	91.741	448	23	3.97e-173	610
MSTRG.1531.2	Migut.F02016.1	97.030	202	6	5.24e-92	340
MSTRG.1552.3	Migut.H00382.1	96.340	1093	35	0.0	1792
MSTRG.1578.1	Migut.I01067.1	91.696	289	11	8.79e-107	388
MSTRG.1578.5	Migut.I01067.1	91.154	260	10	2.20e-92	340
MSTRG.1603.1	Migut.I01081.1	92.836	991	38	0.0	1406
MSTRG.1635.2	Migut.B00722.1	99.180	244	2	1.30e-121	440
MSTRG.1639.3	Migut.B00725.1	93.805	452	22	0.0	675
MSTRG.1743.5	Migut.F01042.4	95.470	574	15	0.0	905
MSTRG.1743.6	Migut.F01042.4	97.143	525	14	0.0	885
MSTRG.1752.1	Migut.F01647.1	95.677	532	20	0.0	852
MSTRG.1760.1	Migut.C01279.1	97.583	2193	53	0.0	3757
MSTRG.1790.2	Migut.J01857.1	96.104	231	7	8.69e-103	375
MSTRG.1906.1	Migut.J01721.2	93.939	330	13	1.39e-137	492
MSTRG.1939.1	Migut.N01260.2	98.026	861	14	0.0	1493
MSTRG.1953.1	Migut.L01678.1	91.188	783	24	0.0	1022
MSTRG.1972.1	Migut.L01659.1	97.036	776	17	0.0	1301
MSTRG.1990.1	Migut.N01049.1	97.957	783	15	0.0	1356
MSTRG.2019.1	Migut.N01915.1	95.370	324	12	8.69e-144	512
MSTRG.2054.1	Migut.N01863.1	94.507	801	36	0.0	1229
MSTRG.2113.1	Migut.L01901.1	92.143	280	16	7.80e-107	390
MSTRG.2151.1	Migut.F00957.1	94.365	905	31	0.0	1371
MSTRG.2252.9	Migut.E01602.2	95.571	1016	33	0.0	1616
MSTRG.2289.1	Migut.J01479.1	89.983	589	16	0.0	721
MSTRG.2317.1	Migut.J01467.1	94.868	1968	98	0.0	3072
MSTRG.2321.1	Migut.J01463.1	98.100	1526	28	0.0	2656
MSTRG.2333.1	Migut.J01438.1	94.925	532	17	0.0	824
MSTRG.2408.1	Migut.N02374.1	94.444	468	12	0.0	708
MSTRG.2408.2	Migut.N02374.1	94.444	468	12	0.0	708
MSTRG.2408.4	Migut.N02374.1	94.444	468	12	0.0	708
MSTRG.2548.1	Migut.L01198.1	92.821	390	15	4.22e-156	553
MSTRG.2739.1	Migut.L01682.2	95.269	613	16	0.0	959
MSTRG.2746.1	Migut.J00852.1	96.273	644	24	0.0	1057
MSTRG.2756.2	Migut.J00861.1	95.600	500	19	0.0	798
MSTRG.2779.1	Migut.N02719.1	94.726	986	33	0.0	1515
MSTRG.2779.2	Migut.N02719.1	96.521	776	16	0.0	1273
MSTRG.2788.1	Migut.H02230.1	93.922	1530	53	0.0	2274
MSTRG.2789.1	Migut.H02232.1	94.637	1212	41	0.0	1857
MSTRG.2803.1	Migut.M01736.1	96.053	228	9	2.13e-101	372
MSTRG.2814.1	Migut.M01766.1	93.439	442	16	0.0	643
MSTRG.2881.1	Migut.H00959.2	96.475	539	19	0.0	891
MSTRG.2886.1	Migut.B00208.1	94.160	702	33	0.0	1062
MSTRG.2913.3	Migut.I00650.1	94.299	421	12	1.25e-180	634
MSTRG.2927.1	Migut.D02089.1	93.308	1300	42	0.0	1877
MSTRG.3124.1	Migut.L01261.1	93.263	1603	64	0.0	2322
MSTRG.3127.1	Migut.L01270.2	92.210	706	48	0.0	992
MSTRG.3203.1	Migut.L00727.1	95.799	976	40	0.0	1574
MSTRG.3203.2	Migut.L00727.1	95.799	976	40	0.0	1574
MSTRG.3297.2	Migut.N00827.1	97.297	259	7	4.72e-122	440
MSTRG.3315.1	Migut.N00858.1	96.396	111	3	2.61e-45	182
MSTRG.3426.2	Migut.D01149.2	94.482	598	23	0.0	913
MSTRG.3451.2	Migut.J01039.1	97.902	572	8	0.0	987
MSTRG.3465.4	Migut.J01056.1	98.462	195	3	3.36e-93	344
MSTRG.3513.6	Migut.C00047.4	79.300	657	81	2.91e-112	409
MSTRG.3575.1	Migut.L01465.1	97.067	341	10	9.89e-163	575
MSTRG.3598.1	Migut.K00452.1	96.017	1908	76	0.0	3103
MSTRG.3600.1	Migut.H01051.1	90.690	580	42	0.0	761
MSTRG.3657.2	Migut.N02204.2	89.083	458	28	1.32e-155	549
MSTRG.3658.2	Migut.N02206.1	95.741	634	18	0.0	1013
MSTRG.3723.1	Migut.E00028.1	96.306	379	13	1.40e-176	621
MSTRG.3760.1	Migut.L01067.1	88.952	353	21	1.99e-116	420
MSTRG.3761.1	Migut.L01067.1	98.889	180	2	2.80e-87	322
MSTRG.3765.3	Migut.N02614.1	97.436	429	10	0.0	730
MSTRG.3870.10	Migut.K00779.2	94.923	453	19	0.0	706
MSTRG.3900.1	Migut.F00326.1	95.948	765	30	0.0	1240
MSTRG.3947.1	Migut.H01220.1	93.408	622	32	0.0	913
MSTRG.3977.1	Migut.D01765.3	92.771	415	27	3.80e-170	597
MSTRG.4003.1	Migut.D01697.1	97.289	332	9	2.09e-160	564
MSTRG.4014.1	Migut.I01125.1	97.822	1607	32	0.0	2771
MSTRG.4024.1	Migut.I01111.1	93.215	678	30	0.0	983
MSTRG.4094.3	Migut.N02678.1	95.433	416	13	0.0	658
MSTRG.4138.1	Migut.C00509.1	93.979	382	8	7.53e-160	564
MSTRG.4238.1	Migut.A00310.1	95.024	844	34	0.0	1319
MSTRG.4398.1	Migut.D00597.1	90.750	400	22	2.98e-146	520
MSTRG.4418.1	Migut.N01518.1	99.519	1455	7	0.0	2649
MSTRG.4426.1	Migut.E01644.1	96.104	77	3	2.60e-28	126
MSTRG.4453.1	Migut.E00822.1	95.302	894	36	0.0	1413
MSTRG.4460.4	Migut.N02257.5	91.482	587	13	0.0	773
MSTRG.4465.1	Migut.E00639.1	94.343	1096	50	0.0	1670
MSTRG.4465.3	Migut.E00639.1	94.343	1096	50	0.0	1670
MSTRG.4489.3	Migut.L00458.1	93.697	238	6	1.30e-94	348
MSTRG.4550.8	Migut.A00928.2	99.029	103	1	8.16e-46	185
MSTRG.4566.3	Migut.A00792.1	94.056	858	33	0.0	1286
MSTRG.4618.1	Migut.M01921.1	97.590	166	4	1.64e-75	285
MSTRG.4624.1	Migut.M01930.1	95.034	584	25	0.0	915
MSTRG.4651.1	Migut.H01970.1	96.285	323	7	1.87e-147	525
MSTRG.4726.2	Migut.O00693.1	97.106	622	18	0.0	1050
MSTRG.4742.1	Migut.J01469.1	94.325	1022	55	0.0	1563
MSTRG.4764.1	Migut.D02432.1	96.438	1488	53	0.0	2455
MSTRG.4808.1	Migut.K01295.1	93.508	724	25	0.0	1057
MSTRG.4819.1	Migut.K01308.1	89.486	428	18	2.83e-145	516
MSTRG.4839.1	Migut.K01331.2	97.101	207	6	1.03e-94	350
MSTRG.4887.3	Migut.I01145.1	94.236	399	19	1.12e-172	606
MSTRG.4888.2	Migut.I01145.3	95.413	218	10	3.59e-94	348
MSTRG.4896.1	Migut.G00103.1	92.137	903	22	0.0	1229
MSTRG.4899.1	Migut.G00105.1	91.146	576	19	0.0	752
MSTRG.4904.1	Migut.G00116.1	97.204	465	11	0.0	785
MSTRG.4943.1	Migut.D02054.1	96.018	226	9	2.41e-100	368
MSTRG.5134.1	Migut.N01286.1	97.099	655	17	0.0	1103
MSTRG.5150.1	Migut.N01301.1	97.409	3782	85	0.0	6429
MSTRG.5202.3	Migut.B01074.2	98.643	221	3	4.16e-107	392
MSTRG.5214.1	Migut.G00142.1	93.595	687	25	0.0	1007
MSTRG.5234.2	Migut.G00165.2	94.118	561	27	0.0	848
MSTRG.5287.2	Migut.G00214.1	97.521	121	3	3.65e-52	207
MSTRG.5298.1	Migut.J00757.1	95.604	455	20	0.0	730
MSTRG.5314.2	Migut.M00574.1	95.604	3048	95	0.0	4850
MSTRG.5356.2	Migut.D01765.3	93.722	669	34	0.0	996
MSTRG.5356.3	Migut.D01765.3	97.838	185	4	1.55e-86	320
MSTRG.5363.1	Migut.O00721.1	96.061	457	15	0.0	741
MSTRG.5366.2	Migut.L00850.1	92.760	663	18	0.0	931
MSTRG.5378.1	Migut.E01074.1	91.214	387	10	1.21e-141	505
MSTRG.5387.1	Migut.E01083.1	96.091	1944	47	0.0	3142
MSTRG.5420.1	Migut.N00415.1	96.544	463	16	0.0	767
MSTRG.5423.1	Migut.N00418.1	96.180	445	17	0.0	728
MSTRG.5424.1	Migut.N00418.1	95.455	418	19	0.0	667
MSTRG.5487.1	Migut.B01819.1	86.592	179	9	4.61e-46	183
MSTRG.5522.1	Migut.L01707.1	96.800	1250	40	0.0	2087
MSTRG.5568.1	Migut.C00509.1	93.215	339	14	1.24e-137	490
MSTRG.5627.1	Migut.A00310.1	96.290	620	21	0.0	1016
MSTRG.5655.1	Migut.M01715.1	96.544	463	13	0.0	763
MSTRG.5665.1	Migut.M01955.1	82.888	561	89	2.08e-139	497
MSTRG.5676.3	Migut.M01963.1	98.467	1435	22	0.0	2529
MSTRG.5708.1	Migut.M01404.1	95.977	1417	50	0.0	2294
MSTRG.5721.1	Migut.F01841.1	98.858	438	5	0.0	782
MSTRG.5749.2	Migut.N00538.1	97.830	599	13	0.0	1035
MSTRG.5844.1	Migut.M01629.1	91.211	421	24	2.42e-158	560
MSTRG.5875.1	Migut.D00831.1	95.204	417	11	0.0	651
MSTRG.5875.2	Migut.D00831.1	95.204	417	11	0.0	651
MSTRG.5954.1	Migut.H00069.2	95.370	324	11	9.21e-144	512
MSTRG.5993.1	Migut.D00179.4	97.428	661	17	0.0	1127
MSTRG.5994.1	Migut.D00190.1	95.658	691	26	0.0	1107
MSTRG.6011.10	Migut.D00180.1	98.250	1657	29	0.0	2900
MSTRG.6045.1	Migut.D00222.1	94.992	599	24	0.0	935
MSTRG.6045.2	Migut.D00222.1	94.992	599	24	0.0	935
MSTRG.6169.1	Migut.D02211.1	97.826	414	6	0.0	712
MSTRG.6210.4	Migut.K00214.2	96.316	190	7	1.61e-83	313
MSTRG.6213.6	Migut.L00610.1	88.850	287	8	2.20e-89	331
MSTRG.6214.1	Migut.L00228.1	93.878	980	49	0.0	1467
MSTRG.6220.2	Migut.L00593.1	97.318	261	7	1.50e-123	444
MSTRG.6258.2	Migut.F00417.1	94.908	707	14	0.0	1086
MSTRG.6327.3	Migut.J00014.1	98.662	523	7	0.0	928
MSTRG.6370.3	Migut.M01561.1	95.479	1128	51	0.0	1801
MSTRG.6410.1	Migut.L01248.2	96.562	349	12	8.77e-164	579
MSTRG.6470.1	Migut.J00765.1	96.082	638	17	0.0	1033
MSTRG.6493.1	Migut.A01129.1	98.519	135	2	5.77e-62	239
MSTRG.6494.1	Migut.A01129.1	89.948	388	21	4.33e-136	484
MSTRG.6511.1	Migut.F02007.1	95.784	1020	35	0.0	1639
MSTRG.6515.1	Migut.F02009.1	99.185	368	3	0.0	664
MSTRG.6521.8	Migut.A00552.1	98.025	405	7	0.0	702
MSTRG.6523.5	Migut.A00555.3	98.829	683	7	0.0	1216
MSTRG.6627.1	Migut.F01211.1	97.768	224	5	4.56e-106	387
MSTRG.6637.2	Migut.F01204.1	100.000	169	0	1.29e-83	313
MSTRG.6639.1	Migut.I00691.1	97.222	288	5	5.27e-135	484
MSTRG.6639.3	Migut.I00691.1	97.222	288	5	5.23e-135	484
MSTRG.6659.2	Migut.A00009.2	96.667	240	5	1.69e-108	396
MSTRG.6672.1	Migut.A00216.1	92.964	1876	79	0.0	2684
MSTRG.6837.4	Migut.G00232.1	92.892	408	21	1.60e-166	586
MSTRG.6885.1	Migut.F01851.1	96.154	260	9	4.33e-117	424
MSTRG.6915.1	Migut.F01817.1	92.009	463	22	0.0	636
MSTRG.6932.2	Migut.B01464.3	94.335	812	30	0.0	1230
MSTRG.6992.2	Migut.J01213.1	90.439	774	35	0.0	983
MSTRG.6992.3	Migut.J01213.1	88.092	739	72	0.0	863
MSTRG.7033.1	Migut.H02194.1	94.582	1772	51	0.0	2699
MSTRG.7047.2	Migut.M01537.1	93.789	322	11	1.62e-132	475
MSTRG.7120.5	Migut.H00076.4	97.203	286	8	2.52e-135	484
MSTRG.7150.1	Migut.M00354.1	91.405	1687	116	0.0	2285
MSTRG.7157.1	Migut.M00348.1	89.520	1374	99	0.0	1698
MSTRG.7251.1	Migut.E01665.1	94.073	793	37	0.0	1195
MSTRG.7280.1	Migut.J01696.2	94.085	913	31	0.0	1365
MSTRG.7320.1	Migut.J01653.1	93.174	879	29	0.0	1262
MSTRG.7320.2	Migut.J01653.1	93.174	879	29	0.0	1262
MSTRG.7378.2	Migut.H02557.1	99.355	310	2	2.72e-158	562
MSTRG.7383.1	Migut.H02532.1	98.127	534	9	0.0	929
MSTRG.7384.1	Migut.H02532.1	98.127	534	9	0.0	929
MSTRG.7442.2	Migut.G00437.3	95.665	1407	49	0.0	2250
MSTRG.7449.1	Migut.F02069.2	91.646	407	28	5.99e-158	558
MSTRG.7488.2	Migut.F01029.1	89.670	697	53	0.0	870
MSTRG.7488.4	Migut.F01029.1	89.670	697	53	0.0	870
MSTRG.7537.1	Migut.F00408.1	95.397	2694	103	0.0	4268
MSTRG.7630.1	Migut.H02150.2	95.707	396	17	0.0	638
MSTRG.7658.1	Migut.F01211.1	96.875	224	7	5.29e-103	375
MSTRG.7710.2	Migut.G01068.1	93.403	667	32	0.0	977
MSTRG.7866.2	Migut.M01903.1	92.632	285	9	5.24e-110	399
MSTRG.7876.1	Migut.N02499.1	95.876	194	8	1.64e-84	315
MSTRG.7925.4	Migut.B00230.1	98.305	118	2	1.25e-52	207
MSTRG.7974.1	Migut.B01561.1	95.588	476	10	0.0	752
MSTRG.7975.1	Migut.B01561.1	97.308	260	7	2.80e-123	442
MSTRG.7985.3	Migut.B01572.3	91.163	430	11	1.94e-158	558
MSTRG.8049.1	Migut.I00403.1	96.429	532	19	0.0	878
MSTRG.8127.1	Migut.F00329.2	94.366	284	14	1.07e-120	435
MSTRG.8150.1	Migut.F00292.1	93.531	912	44	0.0	1343
MSTRG.8173.1	Migut.F00275.1	97.034	236	7	2.55e-109	398
MSTRG.8228.2	Migut.N02636.1	96.970	1419	39	0.0	2379
MSTRG.8244.2	Migut.N00134.1	89.428	1154	59	0.0	1397
MSTRG.8262.3	Migut.J00481.1	97.403	154	4	6.55e-69	263
MSTRG.8313.1	Migut.N01751.1	90.832	829	40	0.0	1077
MSTRG.8396.2	Migut.M01589.1	96.450	507	14	0.0	833
MSTRG.8396.3	Migut.M01589.1	96.450	507	14	0.0	833
MSTRG.8396.5	Migut.M01589.1	96.450	507	14	0.0	833
MSTRG.8401.2	Migut.M01585.1	98.325	418	5	0.0	732
MSTRG.8411.2	Migut.N02859.1	98.268	231	4	2.81e-111	405
MSTRG.8431.1	Migut.G01346.1	92.393	539	22	0.0	750
MSTRG.8438.3	Migut.H01044.1	93.015	544	29	0.0	785
MSTRG.8446.2	Migut.F00069.1	95.618	1894	63	0.0	3020
MSTRG.8529.1	Migut.F02047.1	93.735	431	19	0.0	640
MSTRG.8531.1	Migut.F02046.1	95.194	541	21	0.0	850
MSTRG.8556.1	Migut.D02281.1	96.992	931	26	0.0	1563
MSTRG.8595.2	Migut.D01558.1	96.642	1072	36	0.0	1781
MSTRG.8611.1	Migut.E01379.1	94.545	2053	104	0.0	3164
MSTRG.8621.2	Migut.N00955.1	95.025	1206	59	0.0	1893
MSTRG.8670.1	Migut.I00017.1	96.112	643	17	0.0	1042
MSTRG.8807.1	Migut.L00381.1	98.665	1348	18	0.0	2390
MSTRG.8812.1	Migut.L00269.1	94.694	1112	50	0.0	1718
MSTRG.8841.1	Migut.C01009.1	96.680	723	23	0.0	1201
MSTRG.8844.2	Migut.C01001.1	99.200	125	1	8.08e-58	226
MSTRG.8915.1	Migut.E00457.1	92.584	890	24	0.0	1240
MSTRG.8932.2	Migut.E00437.2	93.506	539	23	0.0	791
MSTRG.8932.5	Migut.E00437.2	93.506	539	23	0.0	791
MSTRG.8987.1	Migut.K01154.1	94.232	1907	85	0.0	2889
MSTRG.9104.4	Migut.E00014.1	97.659	769	15	0.0	1317
MSTRG.9184.7	Migut.B00460.1	95.580	181	8	2.91e-77	291
MSTRG.9202.2	Migut.B00440.1	96.465	1188	39	0.0	1958
MSTRG.9203.1	Migut.B00440.1	96.465	1188	39	0.0	1958
MSTRG.9335.6	Migut.E00810.1	98.456	777	12	0.0	1369
MSTRG.9402.3	Migut.L01682.2	95.810	358	8	1.13e-161	571
MSTRG.9449.2	Migut.O00421.1	97.447	470	3	0.0	793
MSTRG.9463.2	Migut.G00561.1	91.268	481	28	0.0	643
MSTRG.9490.1	Migut.G00606.1	92.199	423	20	6.71e-166	586
MSTRG.9498.1	Migut.G00627.1	94.595	999	54	0.0	1546
MSTRG.9612.1	Migut.C01284.1	98.233	566	9	0.0	989
MSTRG.9612.2	Migut.C01284.1	98.233	566	9	0.0	989
MSTRG.9660.1	Migut.B00103.1	95.691	1230	39	0.0	1965
MSTRG.9715.2	Migut.K01150.1	93.676	253	12	8.08e-103	375
MSTRG.9721.2	Migut.F00013.1	93.732	351	13	6.02e-145	518
MSTRG.9789.1	Migut.H01682.1	95.510	1559	67	0.0	2488
MSTRG.9792.2	Migut.H01687.1	96.956	2727	70	0.0	4564
MSTRG.9894.2	Migut.K01384.1	98.417	379	6	0.0	667
MSTRG.9904.5	Migut.H00079.1	96.247	986	34	0.0	1613
MSTRG.9904.6	Migut.H00079.1	96.247	986	34	0.0	1613
MSTRG.10032.1	Migut.D02387.1	92.709	1015	43	0.0	1435
MSTRG.10053.2	Migut.D02461.1	93.617	658	16	0.0	959
MSTRG.10095.4	Migut.D02506.1	98.582	282	4	6.16e-140	499
MSTRG.10165.1	Migut.N02499.1	95.804	286	11	3.91e-128	460
MSTRG.10176.2	Migut.N02507.1	92.123	292	14	6.77e-111	403
MSTRG.10216.1	Migut.N02573.1	97.727	308	5	1.68e-148	529
MSTRG.10216.2	Migut.N02573.1	97.727	308	5	1.67e-148	529
MSTRG.10265.1	Migut.F00983.1	96.565	1601	53	0.0	2651
MSTRG.10321.2	Migut.L01640.1	94.474	742	32	0.0	1134
MSTRG.10475.1	Migut.H01950.2	96.268	2090	55	0.0	3406
MSTRG.10536.1	Migut.N01148.1	98.790	248	3	2.88e-122	442
MSTRG.10536.2	Migut.N01148.1	98.790	248	3	2.79e-122	442
MSTRG.10570.1	Migut.C00884.1	98.305	177	3	1.69e-83	311
MSTRG.10571.1	Migut.C00884.1	94.887	665	26	0.0	1033
MSTRG.10599.1	Migut.C00846.1	95.722	748	13	0.0	1186
MSTRG.10616.7	Migut.C00841.1	97.118	694	15	0.0	1166
MSTRG.10653.2	Migut.D00003.1	95.956	272	5	7.33e-121	436
MSTRG.10669.2	Migut.F01305.1	89.550	555	8	0.0	658
MSTRG.10694.1	Migut.F01264.1	88.816	152	5	3.92e-43	176
MSTRG.10728.1	Migut.H02328.1	91.436	397	16	2.92e-149	529
MSTRG.10765.2	Migut.O00260.1	96.066	1881	56	0.0	3048
MSTRG.10774.1	Migut.I00979.1	91.595	1404	41	0.0	1868
MSTRG.10792.1	Migut.C00836.1	94.631	298	16	6.99e-130	462
MSTRG.10864.1	Migut.N03151.1	93.646	362	16	1.12e-150	534
MSTRG.10874.1	Migut.N03161.1	97.912	431	9	0.0	747
MSTRG.10949.2	Migut.K01054.1	97.388	536	14	0.0	913
MSTRG.11012.1	Migut.L01111.1	96.000	225	9	4.12e-101	366
MSTRG.11074.1	Migut.D00515.1	97.523	646	16	0.0	1105
MSTRG.11105.3	Migut.I00172.1	97.368	608	16	0.0	1035
MSTRG.11108.1	Migut.D02454.1	96.750	800	26	0.0	1334
MSTRG.11208.1	Migut.A00331.1	95.488	1241	47	0.0	1973
MSTRG.11210.2	Migut.I00608.1	96.098	205	6	3.89e-90	333
MSTRG.11211.3	Migut.I00608.1	96.731	520	10	0.0	859
MSTRG.11228.1	Migut.M01676.1	96.196	368	8	1.37e-170	599
MSTRG.11343.1	Migut.L02040.1	91.189	488	19	0.0	641
MSTRG.11461.1	Migut.J00542.1	94.966	2086	84	0.0	3251
MSTRG.11464.1	Migut.B01819.1	95.475	221	2	5.78e-94	346
MSTRG.11481.2	Migut.B00175.1	96.940	817	25	0.0	1371
MSTRG.11488.2	Migut.J01887.2	98.333	300	5	1.95e-148	527
MSTRG.11511.2	Migut.H02179.1	92.478	678	15	0.0	937
MSTRG.11557.1	Migut.N00655.1	97.711	568	13	0.0	977
MSTRG.11580.3	Migut.N00680.1	95.030	1006	48	0.0	1580
MSTRG.11626.1	Migut.J00066.1	92.000	500	33	0.0	695
MSTRG.11671.1	Migut.G00783.1	96.884	1059	33	0.0	1773
MSTRG.11671.2	Migut.G00783.1	96.884	1059	33	0.0	1773
MSTRG.11738.1	Migut.N01558.1	85.816	141	8	1.45e-32	139
MSTRG.11770.1	Migut.B00318.1	97.619	504	12	0.0	865
MSTRG.11784.1	Migut.O00254.1	96.154	416	16	0.0	680
MSTRG.11799.4	Migut.A01048.1	97.485	517	8	0.0	878
MSTRG.11830.1	Migut.N01512.1	99.016	305	3	4.49e-154	547
MSTRG.11830.2	Migut.N01512.1	99.016	305	3	4.35e-154	547
MSTRG.11841.1	Migut.N03351.1	97.059	374	8	4.14e-178	627
MSTRG.11885.2	Migut.H01772.1	97.078	787	23	0.0	1327
MSTRG.11899.2	Migut.F00390.1	94.745	647	34	0.0	1007
MSTRG.11905.1	Migut.M00672.1	92.611	406	21	1.05e-162	575
MSTRG.11907.1	Migut.F00385.1	96.925	683	20	0.0	1144
MSTRG.11936.1	Migut.N00944.1	95.380	303	11	2.62e-134	479
MSTRG.11974.1	Migut.O00951.1	97.400	500	13	0.0	852
MSTRG.11996.1	Migut.M00103.1	93.103	348	11	2.56e-139	497
MSTRG.12031.2	Migut.M00064.1	94.697	660	31	0.0	1022
MSTRG.12050.2	Migut.F00733.1	93.927	988	27	0.0	1461
MSTRG.12090.1	Migut.D00918.1	92.940	864	50	0.0	1247
MSTRG.12116.1	Migut.D00889.2	92.240	567	24	0.0	785
MSTRG.12116.3	Migut.D00889.2	92.537	402	17	3.35e-159	564
MSTRG.12126.1	Migut.D00882.1	98.263	518	5	0.0	904
MSTRG.12177.1	Migut.M01365.1	94.361	532	23	0.0	809
MSTRG.12194.1	Migut.F01122.2	95.013	742	22	0.0	1151
MSTRG.12347.2	Migut.I01104.1	97.376	343	9	8.23e-166	584
MSTRG.12393.2	Migut.M01178.1	97.061	1157	34	0.0	1949
MSTRG.12502.1	Migut.E00419.1	89.071	732	27	0.0	859
MSTRG.12532.1	Migut.C00841.1	93.439	945	37	0.0	1378
MSTRG.12536.1	Migut.C00842.1	91.170	453	33	2.02e-172	608
MSTRG.12536.2	Migut.C00842.1	91.196	443	32	1.55e-168	595
MSTRG.12647.1	Migut.N02538.1	94.869	799	30	0.0	1238
MSTRG.12665.1	Migut.L01270.2	95.900	1122	30	0.0	1803
MSTRG.12719.1	Migut.O00689.1	97.938	291	6	5.75e-142	505
MSTRG.12890.1	Migut.F01002.1	96.246	586	20	0.0	959
MSTRG.12968.3	Migut.F00897.1	96.863	510	16	0.0	854
MSTRG.13010.2	Migut.G01068.1	93.178	645	32	0.0	937
MSTRG.13086.2	Migut.M00739.1	92.255	1317	39	0.0	1808
MSTRG.13099.1	Migut.M00750.1	92.198	2038	50	0.0	2782
MSTRG.13186.7	Migut.I00859.1	97.590	332	8	1.59e-160	569
MSTRG.13239.5	Migut.N00960.1	96.046	607	20	0.0	985
MSTRG.13274.8	Migut.L01946.1	98.756	1206	15	0.0	2145
MSTRG.13351.2	Migut.E01290.1	96.992	266	6	1.36e-123	446
MSTRG.13375.1	Migut.E01037.1	95.930	2236	88	0.0	3622
MSTRG.13384.1	Migut.E01023.1	97.120	625	18	0.0	1055
MSTRG.13411.1	Migut.E00969.1	92.403	566	35	0.0	800
MSTRG.13468.2	Migut.N02096.1	96.667	330	11	1.66e-154	549
MSTRG.13479.2	Migut.A01216.1	99.742	3879	6	0.0	7105
MSTRG.13487.2	Migut.D00486.1	96.890	643	17	0.0	1074
MSTRG.13492.4	Migut.D00485.1	97.590	166	4	1.74e-75	285
MSTRG.13528.1	Migut.I00209.1	95.006	801	37	0.0	1254
MSTRG.13592.1	Migut.F01968.1	97.293	3029	58	0.0	5118
MSTRG.13607.2	Migut.F02000.1	93.980	299	12	1.99e-124	448
MSTRG.13656.1	Migut.F01586.1	91.311	656	30	0.0	870
MSTRG.13679.1	Migut.F01644.1	94.743	799	34	0.0	1236
MSTRG.13722.1	Migut.I00606.3	83.540	322	37	4.95e-76	287
MSTRG.13757.1	Migut.C00836.1	94.510	255	14	2.18e-109	394
MSTRG.13795.1	Migut.F00083.2	93.274	1011	37	0.0	1461
MSTRG.13806.1	Migut.F00090.1	95.652	828	32	0.0	1327
MSTRG.13838.3	Migut.F00124.2	95.375	627	27	0.0	996
MSTRG.13859.1	Migut.F00152.1	94.698	679	36	0.0	1055
MSTRG.13879.2	Migut.F00172.1	88.223	484	19	4.02e-153	544
MSTRG.13882.1	Migut.F00175.3	93.966	580	24	0.0	867
MSTRG.13885.1	Migut.F00162.1	96.526	403	14	0.0	667
MSTRG.13915.1	Migut.B01881.1	96.480	966	28	0.0	1591
MSTRG.13917.1	Migut.A00633.3	94.059	404	13	6.57e-171	603
MSTRG.13934.1	Migut.N00485.1	95.269	1564	67	0.0	2471
MSTRG.14004.2	Migut.K00398.1	96.050	2456	70	0.0	3973
MSTRG.14014.1	Migut.K00365.1	96.688	634	21	0.0	1055
MSTRG.14048.3	Migut.I01031.1	91.447	304	12	1.33e-111	405
MSTRG.14070.3	Migut.H00957.1	91.124	338	18	1.44e-124	448
MSTRG.14095.4	Migut.L00271.1	96.111	360	14	2.06e-166	588
MSTRG.14123.1	Migut.L00517.2	96.335	191	7	3.70e-84	315
MSTRG.14170.1	Migut.H00513.1	97.823	2618	57	0.0	4519
MSTRG.14185.1	Migut.H02532.1	97.566	534	12	0.0	913
MSTRG.14186.1	Migut.H02532.1	97.566	534	12	0.0	913
MSTRG.14206.3	Migut.H02502.1	90.179	448	29	1.16e-160	569
MSTRG.14206.5	Migut.H02500.2	94.919	433	15	0.0	671
MSTRG.14262.1	Migut.H00092.1	98.997	299	3	1.67e-151	536
MSTRG.14262.2	Migut.H00092.1	98.997	299	3	1.66e-151	536
MSTRG.14270.3	Migut.H02188.1	94.913	688	35	0.0	1077
MSTRG.14343.2	Migut.B01739.1	97.119	486	13	0.0	819
MSTRG.14365.1	Migut.B01765.1	97.674	1763	40	0.0	3027
MSTRG.14389.3	Migut.B01779.1	93.367	588	21	0.0	854
MSTRG.14389.7	Migut.B01779.1	93.367	588	21	0.0	854
MSTRG.14413.1	Migut.G01346.1	95.494	466	21	0.0	745
MSTRG.14419.2	Migut.G01348.1	93.209	751	29	0.0	1085
MSTRG.14724.2	Migut.I00127.1	98.185	496	9	0.0	867
MSTRG.14844.1	Migut.F01048.1	96.867	2043	64	0.0	3419
MSTRG.14844.3	Migut.F01054.1	94.678	808	25	0.0	1238
MSTRG.14857.1	Migut.C00849.1	89.577	662	24	0.0	798
MSTRG.14927.1	Migut.J00641.2	98.137	161	3	4.85e-75	281
MSTRG.14945.1	Migut.J00652.1	95.589	1383	51	0.0	2207
MSTRG.14945.2	Migut.J00652.1	95.589	1383	51	0.0	2207
MSTRG.14945.3	Migut.J00652.1	95.589	1383	51	0.0	2207
MSTRG.15007.2	Migut.D02137.1	96.676	722	24	0.0	1201
MSTRG.15035.1	Migut.D02189.1	94.607	1094	46	0.0	1681
MSTRG.15077.8	Migut.D02174.1	94.555	551	25	0.0	846
MSTRG.15077.13	Migut.D02174.1	94.961	516	21	0.0	804
MSTRG.15095.2	Migut.F01701.2	94.952	1347	42	0.0	2087
MSTRG.15099.12	Migut.F01685.1	97.317	969	26	0.0	1646
MSTRG.15148.1	Migut.A00876.1	98.762	323	4	4.43e-162	575
MSTRG.15154.1	Migut.A00898.1	97.037	135	4	4.72e-58	228
MSTRG.15194.2	Migut.D01635.2	92.146	1235	48	0.0	1698
MSTRG.15194.3	Migut.D01635.2	92.146	1235	48	0.0	1698
MSTRG.15208.1	Migut.N02610.1	93.841	276	8	3.84e-112	407
MSTRG.15273.1	Migut.N03273.1	94.972	179	8	2.43e-74	279
MSTRG.15278.1	Migut.N03268.1	96.000	475	17	0.0	771
MSTRG.15424.1	Migut.H01519.1	95.482	1992	84	0.0	3175
MSTRG.15466.1	Migut.H01582.1	95.691	673	29	0.0	1083
MSTRG.15494.2	Migut.H01632.1	94.470	651	9	0.0	977
MSTRG.15515.4	Migut.H01645.1	99.689	322	1	6.90e-167	590
MSTRG.15518.3	Migut.F01437.1	94.182	636	22	0.0	955
MSTRG.15525.1	Migut.F01572.1	94.614	687	34	0.0	1061
MSTRG.15530.1	Migut.N00052.1	98.705	695	9	0.0	1234
MSTRG.15540.1	Migut.E00910.1	96.154	702	25	0.0	1146
MSTRG.15540.2	Migut.E00910.1	96.154	702	25	0.0	1146
MSTRG.15701.1	Migut.D00829.1	79.127	1260	209	0.0	821
MSTRG.15747.3	Migut.N02913.1	95.706	722	21	0.0	1153
MSTRG.15780.1	Migut.E01023.1	98.113	477	9	0.0	832
MSTRG.15834.1	Migut.H00900.3	96.522	1035	36	0.0	1712
MSTRG.15834.2	Migut.H00900.3	96.522	1035	36	0.0	1712
MSTRG.15893.1	Migut.G00583.1	96.987	1394	42	0.0	2342
MSTRG.15914.1	Migut.G00606.1	98.333	180	3	2.90e-85	316
MSTRG.15915.1	Migut.G00606.1	90.792	467	25	1.81e-172	608
MSTRG.15966.3	Migut.F01829.1	98.301	765	13	0.0	1341
MSTRG.16007.4	Migut.H00820.1	95.706	163	5	8.84e-69	261
MSTRG.16062.1	Migut.H00705.1	95.622	731	29	0.0	1170
MSTRG.16093.1	Migut.B01561.1	96.679	271	9	4.62e-126	451
MSTRG.16096.1	Migut.B01575.1	93.738	543	14	0.0	797
MSTRG.16139.1	Migut.B01578.1	99.128	344	3	3.18e-175	619
MSTRG.16177.1	Migut.K00978.1	96.618	621	21	0.0	1031
MSTRG.16265.1	Migut.N01180.2	94.723	777	25	0.0	1194
MSTRG.16291.1	Migut.N02359.1	95.326	599	22	0.0	946
MSTRG.16311.1	Migut.N02373.1	98.353	668	10	0.0	1171
MSTRG.16317.1	Migut.N02394.3	97.595	707	13	0.0	1208
MSTRG.16359.1	Migut.O00197.1	90.755	768	55	0.0	1011
MSTRG.16441.1	Migut.J00936.1	84.962	133	18	6.19e-30	134
MSTRG.16468.1	Migut.N02785.1	96.560	436	6	0.0	713
MSTRG.16601.2	Migut.N00534.1	95.796	333	14	2.70e-151	538
MSTRG.16654.1	Migut.N00634.1	97.783	1263	27	0.0	2176
MSTRG.16681.1	Migut.N00668.1	97.551	245	6	1.13e-115	420
MSTRG.16681.2	Migut.N00668.1	91.008	367	19	8.17e-135	483
MSTRG.16730.2	Migut.C01186.1	95.031	1308	43	0.0	2036
MSTRG.16791.1	Migut.A00431.1	95.152	2496	83	0.0	3904
MSTRG.16791.2	Migut.A00432.1	96.983	663	20	0.0	1114
MSTRG.16837.1	Migut.J00685.1	96.400	1250	45	0.0	2060
MSTRG.16860.4	Migut.J00661.1	99.200	500	4	0.0	902
MSTRG.16926.1	Migut.H01582.1	96.423	671	24	0.0	1107
MSTRG.16933.1	Migut.H01594.1	96.814	565	9	0.0	935
MSTRG.16990.1	Migut.I00777.1	97.113	1905	55	0.0	3214
MSTRG.17037.1	Migut.I00438.1	94.664	506	25	0.0	784
MSTRG.17079.2	Migut.F00801.1	97.068	1228	36	0.0	2069
MSTRG.17098.2	Migut.F00778.1	96.328	2533	84	0.0	4154
MSTRG.17103.2	Migut.F00758.3	93.324	749	11	0.0	1070
MSTRG.17139.4	Migut.F00740.1	98.173	602	11	0.0	1051
MSTRG.17164.3	Migut.H00673.3	95.680	463	8	0.0	734
MSTRG.17226.1	Migut.L01067.1	87.565	386	27	1.91e-118	427
MSTRG.17241.1	Migut.L01059.1	95.198	1916	83	0.0	3020
MSTRG.17241.3	Migut.L01059.1	95.198	1916	83	0.0	3020
MSTRG.17241.6	Migut.L01059.1	95.198	1916	83	0.0	3020
MSTRG.17397.1	Migut.B00530.1	92.132	2059	115	0.0	2861
MSTRG.17463.2	Migut.J00410.1	95.980	199	7	3.07e-86	322
MSTRG.17465.2	Migut.J00404.1	97.719	570	13	0.0	981
MSTRG.17515.1	Migut.J00333.1	97.724	615	14	0.0	1059
MSTRG.17529.1	Migut.J01832.5	97.429	350	8	8.07e-170	595
MSTRG.17543.1	Migut.B01116.3	98.260	1437	25	0.0	2516
MSTRG.17543.2	Migut.B01116.3	98.260	1437	25	0.0	2516
MSTRG.17577.3	Migut.A00751.1	97.138	594	17	0.0	1003
MSTRG.17583.1	Migut.A00740.1	96.565	1572	48	0.0	2599
MSTRG.17608.2	Migut.H02177.1	90.391	1124	61	0.0	1434
MSTRG.17828.3	Migut.L00838.6	97.311	409	11	0.0	695
MSTRG.17888.2	Migut.D01697.1	96.667	840	28	0.0	1397
MSTRG.18199.1	Migut.J01217.1	90.987	932	46	0.0	1221
MSTRG.18492.2	Migut.L01823.1	96.941	425	13	0.0	713
MSTRG.18574.2	Migut.J00098.1	94.711	1834	75	0.0	2830
MSTRG.18580.1	Migut.J00114.1	95.955	445	17	0.0	721
MSTRG.18616.1	Migut.J00146.1	94.211	691	22	0.0	1038
MSTRG.18622.1	Migut.L00228.1	95.584	951	40	0.0	1522
MSTRG.18623.1	Migut.L00222.1	92.553	188	14	3.35e-71	270
MSTRG.18655.3	Migut.M01506.2	95.506	445	20	0.0	712
MSTRG.18666.2	Migut.M01496.1	96.552	232	5	7.37e-104	381
MSTRG.18714.1	Migut.K00776.1	96.514	459	12	0.0	756
MSTRG.18750.1	Migut.H00102.1	92.508	654	23	0.0	913
MSTRG.18771.1	Migut.H00120.1	94.144	444	16	0.0	667
MSTRG.18771.2	Migut.H00120.1	94.144	444	16	0.0	667
MSTRG.18817.2	Migut.F00699.1	96.861	669	20	0.0	1118
MSTRG.18830.6	Migut.H00079.1	95.628	1647	57	0.0	2628
MSTRG.18830.17	Migut.H00079.1	95.628	1647	57	0.0	2628
MSTRG.18830.18	Migut.H00079.1	95.628	1647	57	0.0	2628
MSTRG.18830.19	Migut.H00079.1	95.628	1647	57	0.0	2628
MSTRG.18833.1	Migut.H00079.1	95.628	1647	57	0.0	2628
MSTRG.18833.8	Migut.H00096.1	97.764	492	10	0.0	846
MSTRG.18842.2	Migut.H00089.1	95.956	643	11	0.0	1029
MSTRG.18844.2	Migut.H00092.1	98.662	299	4	7.71e-150	531
MSTRG.18925.1	Migut.F00583.1	93.851	1057	38	0.0	1567
MSTRG.18927.1	Migut.F00580.1	92.742	372	17	9.27e-149	529
MSTRG.19010.1	Migut.D01802.1	95.025	603	28	0.0	946
MSTRG.19107.1	Migut.M00163.1	97.396	192	5	4.85e-88	327
MSTRG.19128.1	Migut.H00747.1	94.286	630	27	0.0	955
MSTRG.19177.2	Migut.N00277.1	97.179	390	9	0.0	658
MSTRG.19414.1	Migut.F00904.1	94.118	289	6	1.00e-118	429
MSTRG.19437.2	Migut.F00895.1	94.951	515	20	0.0	802
MSTRG.19473.2	Migut.F00826.1	99.628	269	1	2.28e-137	492
MSTRG.19556.2	Migut.L01604.1	87.542	297	22	1.13e-88	329
MSTRG.19596.2	Migut.M01341.1	96.561	378	13	3.76e-178	627
MSTRG.19684.1	Migut.B00305.1	96.364	440	16	0.0	725
MSTRG.19711.4	Migut.B01348.1	96.627	593	20	0.0	985
MSTRG.19756.2	Migut.F00489.1	94.979	478	22	0.0	749
MSTRG.19799.1	Migut.O00689.1	97.987	596	12	0.0	1035
MSTRG.19834.1	Migut.G00103.1	89.590	903	29	0.0	1086
MSTRG.19842.1	Migut.G00116.1	96.129	465	13	0.0	754
MSTRG.19843.1	Migut.G00110.1	96.804	1627	48	0.0	2713
MSTRG.19992.1	Migut.L00775.1	90.476	126	10	7.25e-39	165
MSTRG.20031.2	Migut.B01188.1	93.363	663	20	0.0	959
MSTRG.20046.2	Migut.B01181.1	96.324	136	5	1.34e-56	224
MSTRG.20122.3	Migut.H01447.3	91.207	762	25	0.0	998
MSTRG.20127.1	Migut.H01460.1	91.003	867	40	0.0	1134
MSTRG.20208.1	Migut.G00503.1	97.107	1037	28	0.0	1748
MSTRG.20230.1	Migut.O00088.1	95.814	1075	39	0.0	1731
MSTRG.20231.2	Migut.G00544.1	95.721	1519	59	0.0	2440
MSTRG.20232.5	Migut.G00490.2	97.514	925	23	0.0	1581
MSTRG.20232.12	Migut.G00490.2	97.514	925	23	0.0	1581
MSTRG.20239.1	Migut.C00836.1	96.288	431	16	0.0	708
MSTRG.20426.2	Migut.N00430.1	96.707	4343	130	0.0	7215
MSTRG.20514.1	Migut.N00124.1	96.571	350	6	7.79e-163	575
MSTRG.20657.1	Migut.H02235.1	95.385	2427	96	0.0	3847
MSTRG.20671.2	Migut.D02119.1	94.724	398	10	5.12e-173	608
MSTRG.20795.1	Migut.D00349.1	97.527	647	14	0.0	1105
MSTRG.20822.2	Migut.B00611.1	97.503	881	15	0.0	1498
MSTRG.20822.3	Migut.B00610.1	96.248	533	16	0.0	870
MSTRG.20904.3	Migut.F01097.1	91.549	284	18	7.48e-106	387
MSTRG.20904.4	Migut.F01097.1	91.549	284	18	7.40e-106	387
MSTRG.20924.1	Migut.F01122.2	94.489	744	25	0.0	1133
MSTRG.20965.1	Migut.H00410.1	95.630	389	11	3.76e-176	619
MSTRG.20986.1	Migut.H00422.1	96.685	543	18	0.0	904
MSTRG.21050.1	Migut.L00356.1	95.928	221	6	1.20e-97	355
MSTRG.21086.2	Migut.H02450.3	97.323	2129	57	0.0	3616
MSTRG.21165.1	Migut.L01604.1	85.329	334	38	1.88e-91	335
MSTRG.21172.2	Migut.F01219.1	92.191	461	22	0.0	640
MSTRG.21195.1	Migut.F00083.2	94.419	215	11	8.71e-90	329
MSTRG.21235.1	Migut.F00122.1	97.900	381	7	0.0	658
MSTRG.21259.1	Migut.F00152.1	94.551	679	37	0.0	1050
MSTRG.21322.1	Migut.K00506.1	94.628	242	7	2.85e-101	370
MSTRG.21349.3	Migut.K00460.5	93.333	435	15	4.36e-179	630
MSTRG.21349.5	Migut.K00460.5	93.299	388	13	5.68e-158	560
MSTRG.21350.1	Migut.K00452.1	96.075	1911	72	0.0	3110
MSTRG.21381.3	Migut.K00469.5	95.142	741	13	0.0	1147
MSTRG.21392.3	Migut.K01415.1	96.262	321	3	2.10e-145	518
MSTRG.21484.1	Migut.I00814.1	91.455	983	41	0.0	1310
MSTRG.21521.1	Migut.I00777.1	97.270	1905	52	0.0	3230
MSTRG.21553.2	Migut.I00740.1	97.256	328	8	1.18e-156	555
MSTRG.21554.4	Migut.I00746.1	96.052	2001	55	0.0	3236
MSTRG.21554.7	Migut.I00746.1	96.052	2001	55	0.0	3236
MSTRG.21557.1	Migut.I00735.2	96.060	1726	54	0.0	2798
MSTRG.21575.2	Migut.I00714.1	95.480	354	12	4.90e-159	562
MSTRG.21582.1	Migut.I00696.1	94.417	609	34	0.0	937
MSTRG.21615.1	Migut.J01553.1	99.577	1181	5	0.0	2154
MSTRG.21617.2	Migut.J01544.1	97.218	1186	33	0.0	2008
MSTRG.21617.5	Migut.J01544.1	97.218	1186	33	0.0	2008
MSTRG.21626.1	Migut.J01577.3	95.578	1809	47	0.0	2867
MSTRG.21626.2	Migut.J01577.3	95.578	1809	47	0.0	2867
MSTRG.21658.1	Migut.H01621.1	93.478	92	6	4.38e-31	137
MSTRG.21660.1	Migut.C00836.1	96.752	431	14	0.0	719
MSTRG.21752.2	Migut.K00398.1	96.530	2507	62	0.0	4124
MSTRG.21890.1	Migut.J00882.1	95.767	567	24	0.0	915
MSTRG.21900.1	Migut.J00852.1	95.702	954	37	0.0	1531
MSTRG.21972.3	Migut.E00977.1	84.765	361	29	5.91e-92	339
MSTRG.21991.1	Migut.J00395.2	90.113	708	33	0.0	885
MSTRG.22012.1	Migut.J00402.1	96.853	699	18	0.0	1166
MSTRG.22148.1	Migut.M00130.2	100.000	212	0	1.09e-107	392
MSTRG.22148.2	Migut.M00130.2	100.000	212	0	1.08e-107	392
MSTRG.22148.3	Migut.M00130.2	100.000	212	0	1.01e-107	392
MSTRG.22188.1	Migut.M01868.1	93.725	1992	92	0.0	2955
MSTRG.22210.8	Migut.M01862.1	96.147	1064	38	0.0	1735
MSTRG.22289.2	Migut.M00180.1	90.794	630	21	0.0	808
MSTRG.22369.1	Migut.M00134.1	93.023	688	8	0.0	968
MSTRG.22369.2	Migut.M00134.1	93.313	643	8	0.0	917
MSTRG.22486.2	Migut.L01640.1	93.907	755	37	0.0	1131
MSTRG.22520.3	Migut.D00074.2	93.735	431	18	0.0	638
MSTRG.22529.3	Migut.D00063.2	98.780	82	1	2.32e-34	147
MSTRG.22565.5	Migut.D00012.1	98.859	263	3	6.82e-131	470
MSTRG.22646.1	Migut.N01685.1	95.000	940	29	0.0	1459
MSTRG.22664.1	Migut.F01013.1	95.513	1092	32	0.0	1729
MSTRG.22666.1	Migut.F01016.1	95.169	828	22	0.0	1291
MSTRG.22680.2	Migut.F01029.1	91.655	743	28	0.0	998
MSTRG.22688.1	Migut.B00329.1	92.545	389	8	6.50e-152	538
MSTRG.22799.2	Migut.F01554.1	92.875	1221	54	0.0	1742
MSTRG.22812.1	Migut.E00745.1	89.944	358	25	1.97e-125	451
MSTRG.22942.1	Migut.B00440.1	97.643	1188	25	0.0	2036
MSTRG.22969.1	Migut.B00391.1	97.303	445	11	0.0	754
MSTRG.23003.1	Migut.L01248.2	95.799	738	30	0.0	1190
MSTRG.23006.2	Migut.N00882.2	94.552	569	24	0.0	872
MSTRG.23015.1	Migut.O00350.1	88.509	644	8	0.0	719
MSTRG.23075.1	Migut.F00330.1	97.064	613	14	0.0	1029
MSTRG.23075.2	Migut.F00330.1	97.064	613	14	0.0	1029
MSTRG.23118.2	Migut.E00783.1	97.361	2046	51	0.0	3476
MSTRG.23141.4	Migut.K00703.1	95.822	1915	65	0.0	3079
MSTRG.23146.4	Migut.K00697.1	93.319	928	25	0.0	1336
MSTRG.23179.1	Migut.F02070.1	95.567	406	15	0.0	647
MSTRG.23349.2	Migut.L00466.1	98.289	526	9	0.0	922
MSTRG.23370.1	Migut.E01296.1	94.388	695	29	0.0	1059
MSTRG.23383.1	Migut.I01111.1	94.722	701	32	0.0	1085
MSTRG.23394.1	Migut.I01124.1	97.204	1252	22	0.0	2106
MSTRG.23396.1	Migut.I01125.1	96.519	1580	52	0.0	2610
MSTRG.23402.1	Migut.I01139.1	92.134	1017	33	0.0	1391
MSTRG.23612.1	Migut.J00757.1	94.602	389	16	6.99e-170	597
MSTRG.23622.1	Migut.J00765.1	96.673	541	16	0.0	898
MSTRG.23625.1	Migut.J00773.1	88.756	418	14	1.60e-134	481
MSTRG.23630.3	Migut.N02972.1	91.185	329	25	1.69e-123	444
MSTRG.23689.1	Migut.D01122.2	97.292	517	11	0.0	874
MSTRG.23694.2	Migut.D01114.1	98.538	342	5	1.37e-171	604
MSTRG.23719.2	Migut.D01082.1	92.151	637	25	0.0	876
MSTRG.23746.1	Migut.K01295.1	95.552	607	21	0.0	966
MSTRG.23755.1	Migut.D01409.1	90.244	164	2	1.26e-51	202
MSTRG.23762.1	Migut.K01107.1	89.232	1068	43	0.0	1269
MSTRG.24010.2	Migut.N02701.1	95.932	762	23	0.0	1229
MSTRG.24019.1	Migut.N02712.2	94.751	1105	43	0.0	1705
MSTRG.24042.1	Migut.N02737.1	97.731	661	15	0.0	1138
MSTRG.24051.1	Migut.J01697.1	97.285	221	6	3.01e-103	375
MSTRG.24106.2	Migut.B00818.1	95.745	1363	35	0.0	2174
MSTRG.24275.2	Migut.H01332.1	95.745	235	10	4.20e-104	379
MSTRG.24286.1	Migut.H01340.1	96.226	1219	25	0.0	1977
MSTRG.24362.5	Migut.H01447.3	91.969	635	33	0.0	874
MSTRG.24365.1	Migut.H01460.1	93.296	537	18	0.0	776
MSTRG.24418.5	Migut.J00293.1	98.195	277	5	2.81e-135	484
MSTRG.24477.3	Migut.L00040.1	84.594	357	35	6.47e-91	337
MSTRG.24478.2	Migut.L00040.2	95.332	557	25	0.0	883
MSTRG.24545.1	Migut.F00220.2	95.545	606	21	0.0	965
MSTRG.24558.1	Migut.F00241.1	96.419	726	26	0.0	1197
MSTRG.24567.1	Migut.F00228.1	99.198	873	7	0.0	1574
MSTRG.24582.1	Migut.J01533.1	97.234	470	13	0.0	797
MSTRG.24592.2	Migut.J01507.1	95.335	343	16	7.95e-154	545
MSTRG.24627.4	Migut.F01167.4	93.739	559	17	0.0	822
MSTRG.24854.5	Migut.O00498.4	96.567	903	30	0.0	1495
MSTRG.24884.1	Migut.I00865.2	96.623	533	18	0.0	885
MSTRG.24936.1	Migut.D00684.1	96.864	287	9	2.84e-134	481
MSTRG.24969.1	Migut.D00631.1	95.596	772	31	0.0	1234
MSTRG.24993.1	Migut.N02051.1	94.182	1289	41	0.0	1934
MSTRG.25029.1	Migut.N01464.1	95.662	853	32	0.0	1365
MSTRG.25047.1	Migut.N01445.1	96.779	1242	37	0.0	2069
MSTRG.25124.2	Migut.A00771.2	97.554	327	6	1.75e-157	558
MSTRG.25213.1	Migut.F01412.1	90.625	96	9	2.40e-28	128
MSTRG.25251.1	Migut.E00435.1	86.582	1498	104	0.0	1563
MSTRG.25270.1	Migut.N02744.1	89.820	3222	264	0.0	4074
MSTRG.25271.1	Migut.N02744.1	89.820	3222	264	0.0	4074
MSTRG.25334.8	Migut.N02796.1	98.256	344	6	2.11e-170	603
MSTRG.25335.1	Migut.D01302.1	90.598	468	17	4.56e-169	595
MSTRG.25369.1	Migut.D01197.1	96.290	593	16	0.0	968
MSTRG.25491.2	Migut.G00372.1	94.190	327	17	1.46e-139	497
MSTRG.25517.1	Migut.G00395.1	98.122	426	7	0.0	741
MSTRG.25518.1	Migut.G00412.1	96.509	487	17	0.0	806
MSTRG.25563.1	Migut.H01682.1	93.794	1579	93	0.0	2368
MSTRG.25586.1	Migut.H01994.1	97.124	452	6	0.0	756
MSTRG.25659.2	Migut.N02421.1	96.717	2102	58	0.0	3489
MSTRG.25739.1	Migut.E01410.1	91.932	409	14	2.35e-156	555
MSTRG.25768.1	Migut.K00718.1	96.667	300	10	3.77e-140	499
MSTRG.25888.1	Migut.N02984.1	97.053	475	14	0.0	800
MSTRG.25897.1	Migut.N02992.1	96.367	991	33	0.0	1628
MSTRG.25941.1	Migut.F02023.1	95.384	3553	133	0.0	5624
MSTRG.25959.1	Migut.F02046.1	95.194	541	21	0.0	850
MSTRG.25978.2	Migut.M01369.1	96.944	360	11	1.48e-171	604
MSTRG.26116.1	Migut.E00708.1	94.630	838	33	0.0	1288
MSTRG.26174.2	Migut.N00490.2	94.932	296	14	8.82e-129	462
MSTRG.26182.1	Migut.M01014.1	98.864	352	4	7.92e-179	628
MSTRG.26236.2	Migut.M01081.1	95.079	508	19	0.0	795
MSTRG.26237.2	Migut.M01081.1	95.079	508	19	0.0	795
MSTRG.26323.2	Migut.B01882.1	98.230	339	6	8.97e-168	593
MSTRG.26383.1	Migut.B00037.1	97.294	776	21	0.0	1317
MSTRG.26602.2	Migut.L02008.1	96.462	537	17	0.0	885
MSTRG.26731.1	Migut.N02342.2	90.000	400	24	7.18e-141	503
MSTRG.26731.2	Migut.N02342.2	90.765	379	24	1.16e-138	496
MSTRG.26751.3	Migut.N02316.1	95.684	950	35	0.0	1522
MSTRG.26755.1	Migut.N02306.1	97.389	383	10	0.0	652
MSTRG.26764.1	Migut.M00158.1	92.181	486	19	0.0	669
MSTRG.26799.1	Migut.N00183.1	93.355	301	15	4.88e-122	440
MSTRG.26919.1	Migut.D00246.1	93.218	2079	65	0.0	2988
MSTRG.26951.2	Migut.D00287.2	92.377	774	38	0.0	1083
MSTRG.26976.3	Migut.D01785.1	90.351	342	6	5.98e-117	424
MSTRG.26992.3	Migut.D01794.1	97.500	80	2	2.03e-31	137
MSTRG.27089.2	Migut.A00082.1	100.000	168	0	1.56e-83	311
MSTRG.27100.2	Migut.A00072.1	96.000	750	10	0.0	1201
MSTRG.27110.6	Migut.A00064.1	91.979	748	35	0.0	1026
MSTRG.27194.1	Migut.K00997.2	82.148	717	77	1.76e-160	568
MSTRG.27194.2	Migut.K00997.2	82.148	717	77	1.67e-160	568
MSTRG.27194.3	Migut.K00997.2	82.148	717	77	1.36e-160	568
MSTRG.27202.2	Migut.N03139.1	95.166	1055	20	0.0	1637
MSTRG.27225.2	Migut.N03106.1	98.068	1139	22	0.0	1982
MSTRG.27226.2	Migut.N03104.2	96.658	389	13	0.0	647
MSTRG.27230.2	Migut.N03099.1	97.718	1008	14	0.0	1725
MSTRG.27378.1	Migut.M01802.1	95.444	878	39	0.0	1399
MSTRG.27590.2	Migut.N00813.1	84.802	908	64	0.0	845
MSTRG.27601.1	Migut.M00103.1	97.917	144	3	3.40e-65	250
MSTRG.27655.3	Migut.H01949.1	96.589	557	16	0.0	920
MSTRG.27718.1	Migut.E00387.1	94.149	564	23	0.0	850
MSTRG.27783.1	Migut.D00763.1	91.892	444	22	1.11e-172	608
MSTRG.27885.1	Migut.G00818.1	94.191	241	6	3.28e-98	361
MSTRG.27957.2	Migut.H00014.2	95.343	408	12	0.0	641
MSTRG.28038.2	Migut.I00014.1	96.175	366	11	2.72e-168	595
MSTRG.28084.1	Migut.K00148.2	97.101	897	23	0.0	1509
MSTRG.28085.1	Migut.K00151.1	97.963	589	12	0.0	1022
MSTRG.28105.1	Migut.H01142.1	87.083	689	31	0.0	726
MSTRG.28116.1	Migut.D01162.1	96.777	1024	32	0.0	1707
MSTRG.28121.1	Migut.D01170.1	97.098	896	26	0.0	1511
MSTRG.28140.1	Migut.K00485.1	96.152	1715	59	0.0	2795
MSTRG.28162.1	Migut.K00190.1	98.276	290	5	1.94e-142	508
MSTRG.28162.2	Migut.K00189.1	95.370	216	10	4.22e-93	344
MSTRG.28236.1	Migut.N00688.1	98.810	504	6	0.0	898
MSTRG.28247.2	Migut.N00680.1	95.468	993	44	0.0	1583
MSTRG.28292.2	Migut.G00304.1	98.312	237	4	6.11e-115	416
MSTRG.28322.1	Migut.K00634.2	97.849	558	12	0.0	965
MSTRG.28332.1	Migut.K00668.1	92.453	636	48	0.0	909
MSTRG.28376.1	Migut.K00978.1	96.000	625	21	0.0	1013
MSTRG.28379.1	Migut.K00976.2	94.849	563	24	0.0	874
MSTRG.28531.2	Migut.L00696.1	93.758	737	35	0.0	1096
MSTRG.28668.3	Migut.A01129.1	92.929	495	19	0.0	706
MSTRG.28707.1	Migut.N01076.1	95.983	921	37	0.0	1496
MSTRG.28744.1	Migut.O00385.1	91.608	429	23	2.96e-164	580
MSTRG.28744.2	Migut.O00385.1	91.687	409	20	1.73e-156	555
MSTRG.28755.1	Migut.K01270.1	92.832	1158	36	0.0	1635
MSTRG.28768.1	Migut.K01282.2	89.144	654	18	0.0	765
MSTRG.28942.1	Migut.L00719.1	95.739	1197	41	0.0	1919
MSTRG.29048.1	Migut.O00784.1	95.946	740	23	0.0	1194
MSTRG.29076.1	Migut.D02012.1	94.144	888	41	0.0	1341
MSTRG.29110.2	Migut.B01009.1	92.719	879	36	0.0	1243
MSTRG.29146.1	Migut.K00556.1	94.982	1415	55	0.0	2206
MSTRG.29191.2	Migut.E01402.1	98.148	108	2	1.76e-46	189
MSTRG.29197.1	Migut.E01378.1	97.312	186	5	5.88e-86	316
MSTRG.29289.1	Migut.E01241.3	91.013	879	49	0.0	1158
MSTRG.29366.2	Migut.A00193.1	97.169	777	13	0.0	1304
MSTRG.29369.1	Migut.A00191.1	98.929	467	5	0.0	835
MSTRG.29369.2	Migut.A00191.1	98.929	467	5	0.0	835
MSTRG.29383.1	Migut.H00714.1	96.652	926	22	0.0	1530
MSTRG.29407.8	Migut.H00619.1	97.625	421	10	0.0	723
MSTRG.29426.4	Migut.H00628.1	96.479	426	15	0.0	704
MSTRG.29550.1	Migut.B01682.1	96.753	308	10	1.74e-144	514
MSTRG.29611.3	Migut.D02219.1	97.959	294	6	3.93e-143	510
MSTRG.29690.1	Migut.J01832.2	88.462	598	24	0.0	680
MSTRG.29752.1	Migut.J01759.1	96.617	1685	54	0.0	2793
MSTRG.29850.1	Migut.K00485.1	94.878	1757	88	0.0	2745
MSTRG.29932.1	Migut.L00159.1	96.322	1142	42	0.0	1877
MSTRG.29933.1	Migut.L00159.1	98.982	491	5	0.0	880
MSTRG.29946.1	Migut.J00919.3	96.344	1696	62	0.0	2789
MSTRG.29984.1	Migut.C00184.1	96.519	316	8	8.02e-146	520
MSTRG.30011.1	Migut.H02060.1	93.515	293	14	3.72e-119	431
MSTRG.30190.1	Migut.N00830.1	95.299	936	28	0.0	1471
MSTRG.30286.8	Migut.E01474.2	96.205	606	17	0.0	987
MSTRG.30286.10	Migut.E01474.2	96.205	606	17	0.0	987
MSTRG.30308.1	Migut.E01450.1	99.408	169	1	3.97e-82	307
MSTRG.30309.3	Migut.E01450.1	95.455	418	10	0.0	658
MSTRG.30329.1	Migut.A00712.1	97.647	425	10	0.0	730
MSTRG.30335.1	Migut.A00721.1	95.745	470	8	0.0	747
MSTRG.30345.1	Migut.A00740.1	97.962	1570	32	0.0	2723
MSTRG.30398.1	Migut.F00583.1	90.972	1163	56	0.0	1520
MSTRG.30516.1	Migut.F00258.2	97.575	536	10	0.0	915
MSTRG.30525.3	Migut.F01699.1	94.355	496	23	0.0	756
MSTRG.30528.2	Migut.F01702.1	96.000	500	17	0.0	809
MSTRG.30548.1	Migut.F01774.1	95.954	519	14	0.0	835
MSTRG.30548.2	Migut.L01261.1	85.088	342	35	4.20e-90	335
MSTRG.30578.1	Migut.C01033.1	95.498	311	12	8.79e-139	496
MSTRG.30668.1	Migut.D00094.1	96.711	821	22	0.0	1362
MSTRG.30674.1	Migut.D00086.1	98.736	554	7	0.0	985
MSTRG.30699.3	Migut.D00132.1	91.461	1780	71	0.0	2370
MSTRG.30703.2	Migut.L01604.1	84.967	459	52	5.17e-125	449
MSTRG.30722.1	Migut.H02194.1	95.085	1587	63	0.0	2484
MSTRG.30947.3	Migut.D01226.1	97.409	193	5	7.53e-89	329
MSTRG.30962.1	Migut.K00690.1	99.153	118	1	2.47e-54	213
MSTRG.30968.2	Migut.N02234.1	97.082	1782	52	0.0	3003
MSTRG.31146.1	Migut.H00324.1	89.305	1122	56	0.0	1349
MSTRG.31146.2	Migut.H00324.1	89.305	1122	56	0.0	1349
MSTRG.31158.2	Migut.H00346.1	94.545	275	15	4.32e-118	425
MSTRG.31212.3	Migut.A00009.2	99.005	201	2	3.70e-98	361
MSTRG.31213.2	Migut.A00010.1	90.941	563	10	0.0	719
MSTRG.31347.1	Migut.K00091.1	95.349	258	12	6.16e-113	411
MSTRG.31384.2	Migut.K00141.1	91.681	1166	41	0.0	1565
MSTRG.31384.5	Migut.K00141.2	98.013	302	6	9.76e-148	525
MSTRG.31386.1	Migut.K00148.2	97.518	967	21	0.0	1650
MSTRG.31404.2	Migut.K00161.1	97.260	365	10	8.33e-176	619
MSTRG.31433.3	Migut.K00189.1	96.296	216	8	1.46e-96	355
MSTRG.31448.1	Migut.M01238.1	96.606	1090	37	0.0	1808
MSTRG.31494.1	Migut.B00248.1	97.076	513	14	0.0	863
MSTRG.31569.1	Migut.D00816.1	97.235	868	21	0.0	1467
MSTRG.31647.1	Migut.J01818.1	96.578	526	17	0.0	870
MSTRG.31678.1	Migut.H00104.1	93.257	964	31	0.0	1389
MSTRG.31688.2	Migut.H00112.1	95.825	503	14	0.0	806
MSTRG.31699.1	Migut.H00127.1	92.035	339	15	3.53e-130	466
MSTRG.31727.1	Migut.M01073.1	94.253	348	16	1.96e-148	529
MSTRG.31860.1	Migut.D00685.1	93.779	434	11	0.0	638
MSTRG.31989.4	Migut.D00543.1	96.421	1397	42	0.0	2296
MSTRG.32020.1	Migut.C00884.2	94.186	86	5	8.15e-30	132
MSTRG.32021.1	Migut.C00884.1	93.835	665	33	0.0	994
MSTRG.32087.2	Migut.C00387.1	97.383	917	23	0.0	1559
MSTRG.32179.3	Migut.D00975.1	95.813	621	20	0.0	998
MSTRG.32291.1	Migut.D01122.2	95.977	522	12	0.0	841
MSTRG.32293.2	Migut.D01120.1	87.490	1239	88	0.0	1367
MSTRG.32298.1	Migut.D01125.1	96.322	870	27	0.0	1424
MSTRG.32337.7	Migut.K00293.2	97.346	2336	51	0.0	3960
MSTRG.32371.6	Migut.K00277.1	96.610	236	8	3.91e-108	392
MSTRG.32399.4	Migut.H00951.2	95.497	533	24	0.0	852
MSTRG.32482.2	Migut.F01187.1	96.386	1328	48	0.0	2187
MSTRG.32557.1	Migut.H00400.1	94.463	2131	70	0.0	3238
MSTRG.32616.1	Migut.N03273.1	90.227	440	19	5.03e-156	553
MSTRG.32648.3	Migut.O00721.1	94.092	457	24	0.0	691
MSTRG.32733.1	Migut.G00188.1	96.444	450	6	0.0	734
MSTRG.32735.2	Migut.G00190.1	96.177	497	18	0.0	811
MSTRG.32779.1	Migut.G00143.1	97.143	280	7	3.07e-132	472
MSTRG.32790.1	Migut.G00147.1	95.215	1045	47	0.0	1650
MSTRG.32790.4	Migut.G00147.1	95.215	1045	47	0.0	1650
MSTRG.32791.1	Migut.G00147.1	95.215	1045	47	0.0	1650
MSTRG.32813.1	Migut.N01558.1	90.231	389	15	1.00e-136	486
MSTRG.32844.1	Migut.L00727.1	93.537	851	30	0.0	1243
MSTRG.32844.3	Migut.L00727.1	92.813	654	26	0.0	928
MSTRG.32888.8	Migut.M01480.2	92.797	1180	41	0.0	1668
MSTRG.32901.3	Migut.F00486.1	99.071	323	3	8.37e-164	580
MSTRG.32907.1	Migut.F00460.1	94.290	753	32	0.0	1142
MSTRG.32946.1	Migut.C01158.1	97.863	468	10	0.0	809
MSTRG.32993.3	Migut.N01118.1	96.047	430	13	0.0	697
MSTRG.33018.1	Migut.L00031.1	94.889	450	8	0.0	689
MSTRG.33030.1	Migut.L00038.1	96.042	1895	59	0.0	3070
MSTRG.33070.2	Migut.F00419.1	95.261	612	22	0.0	963
MSTRG.33106.1	Migut.K01282.2	95.238	420	19	0.0	664
MSTRG.33122.1	Migut.K01295.1	94.191	723	20	0.0	1083
MSTRG.33227.2	Migut.H01272.2	96.794	499	14	0.0	832
MSTRG.33248.5	Migut.O00812.2	92.258	620	26	0.0	859
MSTRG.33635.1	Migut.N01725.2	95.106	613	24	0.0	961
MSTRG.33695.1	Migut.J01469.1	97.207	358	10	1.11e-172	606
MSTRG.33700.1	Migut.E01023.1	95.345	623	21	0.0	983
MSTRG.33726.1	Migut.E00076.1	93.659	962	45	0.0	1424
MSTRG.33781.2	Migut.D00553.1	96.189	997	38	0.0	1631
MSTRG.33807.3	Migut.D00580.2	95.990	1546	38	0.0	2490
MSTRG.33811.1	Migut.D01029.1	94.992	599	22	0.0	933
MSTRG.33832.1	Migut.D00585.1	99.201	751	6	0.0	1354
MSTRG.33842.1	Migut.D00597.1	89.706	408	26	2.89e-142	507
MSTRG.33947.1	Migut.C01080.1	98.564	766	11	0.0	1354
MSTRG.34064.1	Migut.N00791.1	91.489	1175	62	0.0	1581
MSTRG.34143.1	Migut.L00227.1	82.216	1029	153	0.0	859
MSTRG.34175.1	Migut.J01630.1	94.965	993	37	0.0	1544
MSTRG.34178.1	Migut.J01629.1	98.675	302	3	2.02e-150	534
MSTRG.34202.1	Migut.J01639.1	92.934	1387	61	0.0	1984
MSTRG.34260.2	Migut.J00252.1	89.792	529	5	5.69e-180	632
MSTRG.34279.1	Migut.N03041.1	96.727	1161	30	0.0	1927
MSTRG.34304.1	Migut.N02998.1	96.376	607	22	0.0	1000
MSTRG.34319.1	Migut.N02984.1	96.296	432	16	0.0	710
MSTRG.34454.3	Migut.K00797.1	95.934	664	15	0.0	1066
MSTRG.34468.1	Migut.E00160.1	94.892	2212	99	0.0	3446
MSTRG.34510.2	Migut.N01316.3	99.080	1522	14	0.0	2734
MSTRG.34542.1	Migut.H02311.1	97.984	496	7	0.0	857
MSTRG.34559.3	Migut.H02335.1	94.721	1307	60	0.0	2023
MSTRG.34642.1	Migut.C00813.1	96.674	2285	58	0.0	3783
MSTRG.34646.1	Migut.C00817.1	93.775	1719	71	0.0	2549
MSTRG.34658.1	Migut.N00098.1	94.263	1011	40	0.0	1530
MSTRG.34670.4	Migut.N00104.1	96.314	407	8	0.0	662
MSTRG.34707.2	Migut.D00187.1	95.894	341	14	5.49e-156	553
MSTRG.34715.1	Migut.D00196.2	96.855	159	5	2.14e-70	267
MSTRG.34735.1	Migut.L00159.1	96.898	1096	34	0.0	1838
MSTRG.34816.1	Migut.D00704.1	97.207	2184	33	0.0	3670
MSTRG.34840.1	Migut.D00737.1	92.121	495	17	0.0	678
MSTRG.34881.2	Migut.D00785.1	97.428	972	25	0.0	1657
MSTRG.34911.1	Migut.D00816.1	95.800	881	29	0.0	1415
MSTRG.34967.4	Migut.F01518.1	99.040	625	6	0.0	1122
MSTRG.34985.2	Migut.G00893.1	85.736	666	64	0.0	675
MSTRG.34985.3	Migut.G00893.1	85.736	666	64	0.0	675
MSTRG.34985.5	Migut.G00893.1	85.736	666	64	0.0	675
MSTRG.35081.3	Migut.D00337.1	95.769	709	20	0.0	1134
MSTRG.35082.1	Migut.D00337.1	92.282	298	11	1.10e-114	412
MSTRG.35110.1	Migut.D00371.1	94.320	493	15	0.0	743
MSTRG.35113.1	Migut.N03215.1	86.607	112	14	1.64e-27	122
MSTRG.35363.1	Migut.O00784.1	94.306	720	21	0.0	1085
MSTRG.35443.2	Migut.B01228.1	96.880	673	21	0.0	1127
MSTRG.35449.1	Migut.B01245.1	97.485	1670	42	0.0	2852
MSTRG.35449.2	Migut.B01246.1	95.015	1986	66	0.0	3088
MSTRG.35461.2	Migut.I00606.3	85.714	336	26	3.46e-90	335
MSTRG.35486.1	Migut.H01053.1	90.333	631	34	0.0	802
MSTRG.35487.1	Migut.H01053.1	88.546	454	24	1.62e-147	525
MSTRG.35503.1	Migut.H02114.1	95.614	228	10	1.62e-100	366
MSTRG.35548.3	Migut.F01722.1	98.516	337	5	1.05e-168	595
MSTRG.35610.1	Migut.B01849.1	96.166	313	12	1.89e-144	512
MSTRG.35728.2	Migut.G00547.1	96.226	159	4	1.70e-67	259
MSTRG.35751.2	Migut.M00261.1	95.170	352	8	1.42e-154	547
MSTRG.35765.3	Migut.E00810.1	98.584	777	11	0.0	1375
MSTRG.35806.2	Migut.G00371.1	96.744	3256	104	0.0	5424
MSTRG.35907.1	Migut.H02438.1	94.531	256	12	3.00e-108	394
MSTRG.35937.1	Migut.N00098.1	94.461	1011	44	0.0	1546
MSTRG.35939.3	Migut.N00104.1	94.057	387	9	1.86e-162	575
MSTRG.35985.1	Migut.C01386.1	97.565	1314	31	0.0	2248
MSTRG.36049.1	Migut.L01924.1	96.667	1020	25	0.0	1687
MSTRG.36140.1	Migut.M00349.2	96.774	558	13	0.0	926
MSTRG.36145.1	Migut.A01006.1	91.930	570	31	0.0	784
MSTRG.36145.2	Migut.A01006.1	92.263	517	25	0.0	719
MSTRG.36156.1	Migut.N00065.1	94.789	403	18	1.44e-177	625
MSTRG.36157.2	Migut.N00058.2	97.020	1510	33	0.0	2529
MSTRG.36158.1	Migut.N00057.1	94.228	745	39	0.0	1134
MSTRG.36160.1	Migut.N00056.1	93.409	440	20	0.0	643
MSTRG.36164.2	Migut.N00052.1	94.562	331	9	5.39e-141	503
MSTRG.36204.1	Migut.I00107.1	92.795	1027	27	0.0	1443
MSTRG.36308.2	Migut.F00195.1	98.188	2428	44	0.0	4241
MSTRG.36311.1	Migut.F00194.1	93.609	751	24	0.0	1099
MSTRG.36339.1	Migut.F00221.1	96.161	1042	40	0.0	1703
MSTRG.36398.1	Migut.L01951.1	96.161	521	18	0.0	850
MSTRG.36425.1	Migut.D02293.1	96.096	333	11	6.86e-153	542
MSTRG.36433.1	Migut.M01648.1	96.111	180	6	7.55e-78	292
MSTRG.36440.4	Migut.D02280.1	91.831	355	20	3.61e-136	486
MSTRG.36458.1	Migut.M01629.1	91.398	372	22	3.08e-141	501
MSTRG.36459.1	Migut.M01629.1	98.294	293	4	4.78e-144	512
MSTRG.36532.1	Migut.E00014.1	96.340	765	16	0.0	1247
MSTRG.36555.1	Migut.H01267.1	95.742	775	24	0.0	1240
MSTRG.36563.2	Migut.C00788.2	89.357	1259	47	0.0	1502
MSTRG.36571.2	Migut.K01091.1	85.199	831	58	0.0	793
MSTRG.36595.1	Migut.L00458.1	93.697	238	6	9.02e-95	348
MSTRG.36623.2	Migut.B00005.1	94.940	830	24	0.0	1284
MSTRG.36633.7	Migut.B00021.1	97.701	261	4	3.19e-124	448
MSTRG.36635.1	Migut.B00037.1	96.778	776	25	0.0	1295
MSTRG.36685.1	Migut.B00078.1	95.686	510	22	0.0	821
MSTRG.36693.1	Migut.B00119.1	97.543	1221	26	0.0	2085
MSTRG.36793.1	Migut.O00136.1	96.405	306	11	1.81e-141	505
MSTRG.36797.1	Migut.O00133.1	86.738	656	44	0.0	689
MSTRG.36866.1	Migut.C00698.2	94.805	462	10	0.0	708
MSTRG.36866.4	Migut.C00698.2	94.805	462	10	0.0	708
MSTRG.36935.1	Migut.E00566.2	96.952	1378	42	0.0	2313
MSTRG.36937.1	Migut.E00569.2	90.850	612	23	0.0	789
MSTRG.36937.2	Migut.E00569.2	90.850	612	23	0.0	789
MSTRG.36964.1	Migut.E00497.1	95.591	499	21	0.0	798
MSTRG.36965.2	Migut.E00504.2	98.436	959	15	0.0	1688
MSTRG.36976.1	Migut.N01583.1	90.503	895	48	0.0	1147
MSTRG.37003.1	Migut.M01307.1	93.294	1521	61	0.0	2206
MSTRG.37026.6	Migut.M01293.1	97.696	434	10	0.0	747
MSTRG.37075.1	Migut.B01797.1	93.157	643	19	0.0	920
MSTRG.37163.1	Migut.C01391.1	97.115	312	6	9.32e-148	523
MSTRG.37204.1	Migut.B01693.2	95.390	282	6	8.68e-123	442
MSTRG.37204.2	Migut.B01693.2	95.357	280	6	1.12e-121	438
MSTRG.37231.3	Migut.B00755.2	97.626	716	13	0.0	1225
MSTRG.37259.1	Migut.F01396.1	96.135	207	8	6.83e-92	339
MSTRG.37259.2	Migut.F01396.1	96.135	207	8	1.94e-92	339
MSTRG.37270.1	Migut.N00378.1	96.721	244	8	1.34e-112	407
MSTRG.37340.1	Migut.D00829.1	78.939	1263	215	0.0	811
MSTRG.37370.1	Migut.B01763.1	96.517	1005	35	0.0	1663
MSTRG.37391.1	Migut.B01748.1	95.468	331	14	3.06e-148	527
MSTRG.37475.1	Migut.L01734.1	93.059	389	8	1.59e-155	551
MSTRG.37483.3	Migut.L01736.2	99.396	662	3	0.0	1199
MSTRG.37500.2	Migut.L01758.1	91.246	297	11	3.49e-107	390
MSTRG.37577.1	Migut.E00566.2	96.090	1381	51	0.0	2248
MSTRG.37594.1	Migut.E00497.1	95.512	557	22	0.0	887
MSTRG.37665.13	Migut.L01722.1	93.842	341	17	8.75e-143	510
MSTRG.37685.1	Migut.G00095.1	100.000	39	0	1.30e-11	73.1
MSTRG.37696.4	Migut.L01724.1	93.304	448	13	0.0	645
MSTRG.37763.4	Migut.K00668.1	94.497	636	35	0.0	981
MSTRG.37844.1	Migut.N01286.1	97.047	1016	30	0.0	1711
MSTRG.38089.5	Migut.N01482.1	97.303	445	12	0.0	756
MSTRG.38100.1	Migut.N01485.1	95.202	792	28	0.0	1243
MSTRG.38101.1	Migut.C00783.1	97.604	3339	64	0.0	5709
MSTRG.38124.1	Migut.C00817.1	93.519	1728	76	0.0	2538
MSTRG.38134.1	Migut.J00046.1	96.533	375	12	1.25e-176	619
MSTRG.38141.1	Migut.J00034.1	98.489	397	6	0.0	701
MSTRG.38149.1	Migut.J00025.2	97.495	519	12	0.0	885
MSTRG.38171.1	Migut.D00996.1	97.195	820	19	0.0	1384
MSTRG.38291.1	Migut.M00870.1	97.768	224	5	5.92e-106	387
MSTRG.38291.2	Migut.M00870.1	97.768	224	5	5.54e-106	387
MSTRG.38341.1	Migut.C01055.1	95.130	2115	76	0.0	3310
MSTRG.38360.1	Migut.M00474.1	96.247	373	13	2.49e-173	610
MSTRG.38371.1	Migut.M02004.1	97.341	677	18	0.0	1151
MSTRG.38394.3	Migut.M01986.2	98.004	1002	20	0.0	1740
MSTRG.38402.1	Migut.M01967.1	91.796	646	27	0.0	876
MSTRG.38416.2	Migut.M01950.1	96.007	1152	44	0.0	1871
MSTRG.38443.1	Migut.F01778.1	94.783	230	6	6.32e-97	353
MSTRG.38483.1	Migut.B00596.1	95.392	1085	43	0.0	1720
MSTRG.38484.1	Migut.B00593.1	94.522	858	47	0.0	1325
MSTRG.38484.2	Migut.B00593.1	94.522	858	47	0.0	1325
MSTRG.38556.3	Migut.M01862.1	97.491	1076	9	0.0	1821
MSTRG.38619.2	Migut.H02162.2	98.622	508	7	0.0	900
MSTRG.38655.2	Migut.C00408.2	98.901	273	3	1.44e-136	488
MSTRG.38684.2	Migut.N01058.1	94.878	410	20	0.0	640
MSTRG.38697.1	Migut.B00348.1	96.045	177	7	3.74e-77	289
MSTRG.38700.1	Migut.B00348.1	97.838	185	4	2.01e-86	320
MSTRG.38702.1	Migut.B00349.1	98.396	187	3	2.47e-89	329
MSTRG.38724.5	Migut.B00368.1	98.404	188	3	1.20e-89	331
MSTRG.38744.1	Migut.J00489.1	96.779	714	21	0.0	1190
MSTRG.38745.1	Migut.J00489.1	96.264	348	13	4.14e-162	571
MSTRG.38767.1	Migut.A00609.1	95.000	400	9	1.76e-175	617
MSTRG.38771.1	Migut.A01097.1	97.439	937	24	0.0	1598
MSTRG.38771.2	Migut.A01097.1	97.439	937	24	0.0	1598
MSTRG.38806.1	Migut.E00255.1	96.063	1829	55	0.0	2963
MSTRG.38856.1	Migut.N02440.1	95.756	589	22	0.0	946
MSTRG.38868.2	Migut.K00003.1	97.751	756	9	0.0	1295
MSTRG.38868.4	Migut.K00003.1	97.751	756	9	0.0	1295
MSTRG.38906.2	Migut.K00062.1	87.889	867	36	0.0	955
MSTRG.38995.2	Migut.H01281.1	97.148	596	13	0.0	1003
MSTRG.39123.1	Migut.M00916.1	94.279	437	22	0.0	665
MSTRG.39209.1	Migut.F02003.1	92.123	584	24	0.0	804
MSTRG.39254.1	Migut.K00884.1	96.304	974	28	0.0	1592
MSTRG.39277.3	Migut.D00580.1	96.633	2406	59	0.0	3975
MSTRG.39285.1	Migut.D00585.1	99.467	751	4	0.0	1365
MSTRG.39368.1	Migut.E01506.1	99.432	176	1	5.70e-86	320
MSTRG.39426.1	Migut.M01227.1	96.040	303	7	6.96e-137	488
MSTRG.39433.1	Migut.M01238.1	97.064	1090	32	0.0	1836
MSTRG.39449.2	Migut.O00226.1	91.256	446	30	4.18e-170	599
MSTRG.39478.1	Migut.E00736.1	96.767	959	29	0.0	1598
MSTRG.39493.1	Migut.D00024.1	91.366	1135	40	0.0	1500
MSTRG.39497.1	Migut.D00047.5	95.745	329	12	4.85e-149	529
MSTRG.39511.2	Migut.A00577.1	96.709	1337	29	0.0	2211
MSTRG.39534.2	Migut.D02070.1	98.384	2413	37	0.0	4239
MSTRG.39534.5	Migut.D02070.1	98.384	2413	37	0.0	4239
MSTRG.39581.8	Migut.D02106.1	96.875	736	23	0.0	1232
MSTRG.39593.3	Migut.B01060.1	89.770	782	32	0.0	957
MSTRG.39618.9	Migut.B01072.1	93.316	389	20	3.11e-160	569
MSTRG.39732.2	Migut.I00845.1	95.812	191	8	6.05e-83	309
MSTRG.39753.2	Migut.D00130.1	93.083	824	29	0.0	1181
MSTRG.39779.2	Migut.M01585.1	97.586	290	7	2.36e-139	497
MSTRG.39781.1	Migut.H02215.1	96.498	514	15	0.0	846
MSTRG.39801.1	Migut.L01278.1	95.932	295	12	1.33e-134	479
MSTRG.39907.1	Migut.L01382.1	97.357	719	18	0.0	1221
MSTRG.40001.3	Migut.B00610.1	97.749	533	10	0.0	917
MSTRG.40052.3	Migut.B00250.1	88.246	553	44	0.0	641
MSTRG.40142.1	Migut.G00898.1	98.276	58	1	9.21e-21	102
MSTRG.40164.2	Migut.B00743.1	95.946	740	28	0.0	1199
MSTRG.40183.1	Migut.D01989.1	98.026	304	6	7.70e-149	529
MSTRG.40198.1	Migut.N03179.1	96.525	518	10	0.0	850
MSTRG.40206.1	Migut.N03164.1	96.304	947	25	0.0	1546
MSTRG.40207.1	Migut.N03161.1	97.448	431	11	0.0	736
MSTRG.40344.1	Migut.M00960.2	98.020	303	6	1.41e-148	527
MSTRG.40369.3	Migut.M00953.2	91.981	424	19	2.87e-164	580
MSTRG.40374.1	Migut.L00076.1	92.759	290	18	1.67e-114	416
MSTRG.40374.7	Migut.L00076.1	92.759	290	18	1.64e-114	416
MSTRG.40412.3	Migut.H00590.1	88.889	261	19	6.75e-84	313
MSTRG.40421.1	Migut.O00233.1	95.946	740	26	0.0	1197
MSTRG.40438.1	Migut.O00245.1	96.400	750	15	0.0	1225
MSTRG.40512.1	Migut.M00858.2	95.420	917	35	0.0	1454
MSTRG.40565.1	Migut.M00734.1	97.321	1157	31	0.0	1965
MSTRG.40676.3	Migut.K01438.2	88.766	997	71	0.0	1182
MSTRG.40696.2	Migut.K01464.1	90.303	495	20	2.82e-177	623
MSTRG.40751.1	Migut.M01051.1	93.246	1451	65	0.0	2106
MSTRG.40759.1	Migut.M01045.1	97.880	283	6	5.25e-137	490
MSTRG.40777.1	Migut.M01014.1	95.380	671	26	0.0	1062
MSTRG.40800.4	Migut.M00042.1	96.457	2484	53	0.0	4067
MSTRG.40906.1	Migut.K00023.1	98.505	1338	20	0.0	2361
MSTRG.40911.1	Migut.K00019.1	89.003	582	29	0.0	688
MSTRG.40916.2	Migut.K00013.1	97.760	625	14	0.0	1077
MSTRG.40935.5	Migut.K00003.1	96.926	618	16	0.0	1033
MSTRG.40964.1	Migut.N02857.1	91.304	759	29	0.0	1002
MSTRG.40973.1	Migut.N02846.1	96.055	507	20	0.0	826
MSTRG.40998.2	Migut.N02828.1	97.904	334	5	3.86e-163	577
MSTRG.41026.1	Migut.N02421.1	96.328	2097	57	0.0	3428
MSTRG.41064.1	Migut.A00960.1	92.339	731	27	0.0	1013
MSTRG.41220.4	Migut.D02463.1	97.177	248	7	3.95e-116	420
MSTRG.41328.1	Migut.A00913.1	94.928	414	13	0.0	641
MSTRG.41384.3	Migut.H00693.1	95.506	267	10	9.83e-118	425
MSTRG.41384.4	Migut.H00693.1	95.506	267	10	9.83e-118	425
MSTRG.41384.5	Migut.H00693.1	95.506	267	10	9.89e-118	425
MSTRG.41384.6	Migut.H00693.1	95.600	250	9	5.92e-110	399
MSTRG.41443.3	Migut.D00439.2	96.591	528	9	0.0	867
MSTRG.41499.1	Migut.D01407.1	96.371	248	9	1.97e-113	409
MSTRG.41570.2	Migut.C00689.1	96.247	373	11	8.13e-173	608
MSTRG.41570.3	Migut.C00689.1	96.247	373	11	8.07e-173	608
MSTRG.41688.1	Migut.N02537.1	96.796	593	15	0.0	987
MSTRG.41695.3	Migut.K00761.1	98.626	364	5	0.0	645
MSTRG.41705.3	Migut.N02517.1	93.955	397	18	7.60e-169	595
MSTRG.41752.1	Migut.N01000.1	94.500	800	23	0.0	1214
MSTRG.41783.1	Migut.L01953.2	94.940	336	17	1.76e-148	527
MSTRG.41907.1	Migut.B00398.1	95.701	884	38	0.0	1423
MSTRG.41930.1	Migut.B00367.1	98.444	771	12	0.0	1358
MSTRG.41941.1	Migut.B00349.1	99.448	181	1	2.42e-89	329
MSTRG.41942.1	Migut.B00347.1	91.026	624	32	0.0	821
MSTRG.41947.1	Migut.B00348.1	97.838	185	4	2.01e-86	320
MSTRG.41948.1	Migut.B00348.1	96.045	177	7	4.06e-77	289
MSTRG.41966.1	Migut.B00329.1	92.308	455	13	4.29e-179	627
MSTRG.41983.1	Migut.B00318.1	97.222	504	14	0.0	854
MSTRG.42009.1	Migut.C00539.1	95.946	148	6	1.10e-62	241
MSTRG.42027.1	Migut.N01839.1	95.747	964	38	0.0	1550
MSTRG.42027.2	Migut.N01839.1	95.747	964	38	0.0	1550
MSTRG.42038.1	Migut.E00745.1	89.504	343	29	3.81e-118	427
MSTRG.42112.1	Migut.B01819.1	84.596	396	39	2.65e-102	374
MSTRG.42113.1	Migut.B01819.1	84.596	396	39	1.85e-102	374
MSTRG.42128.1	Migut.B00181.1	98.188	1159	18	0.0	2021
MSTRG.42178.1	Migut.J00988.1	98.347	121	2	8.82e-54	213
MSTRG.42192.1	Migut.J00488.1	96.870	671	21	0.0	1123
MSTRG.42201.2	Migut.J00587.1	92.357	314	15	9.37e-122	438
MSTRG.42270.2	Migut.D01914.1	94.092	457	27	0.0	695
MSTRG.42298.1	Migut.M01726.1	97.231	939	19	0.0	1583
MSTRG.42336.1	Migut.B01849.1	95.410	305	13	4.82e-136	484
MSTRG.42345.1	Migut.B01857.1	94.976	637	27	0.0	994
MSTRG.42445.1	Migut.L01498.2	87.048	332	20	5.47e-96	353
MSTRG.42501.1	Migut.I00315.1	88.550	131	13	1.78e-37	158
MSTRG.42523.1	Migut.B01473.1	97.090	378	11	0.0	638
MSTRG.42553.1	Migut.C01079.1	93.238	488	21	0.0	708
MSTRG.42588.1	Migut.H00444.1	94.432	449	10	0.0	676
MSTRG.42589.2	Migut.H00436.1	91.990	412	16	7.96e-159	562
MSTRG.42727.3	Migut.O00592.1	97.240	2029	56	0.0	3437
MSTRG.42735.2	Migut.M00431.1	98.649	222	3	7.88e-109	394
MSTRG.42770.4	Migut.J00923.1	98.141	269	5	3.80e-131	470
MSTRG.42813.6	Migut.D02048.1	98.929	1120	12	0.0	2002
