73.1
84.2
163.2
313.1
365.1
427.1
470.2
508.1
546.4
611.3
654.4
672.1
728.1
732.1
757.3
788.1
855.1
904.2
911.1
976.1
1018.1
1040.26
1084.2
1086.2
1122.2
1133.1
1188.1
1193.16
1193.9
1208.2
1216.1
1281.1
1285.1
1336.2
1380.1
1456.2
1459.1
1459.2
1531.2
1552.3
1578.1
1578.5
1603.1
1635.2
1639.3
1743.5
1743.6
1752.1
1760.1
1790.2
1802.1
1906.1
1939.1
1953.1
1972.1
1990.1
2019.1
2054.1
2113.1
2151.1
2252.9
2289.1
2317.1
2321.1
2333.1
2382.1
2408.1
2408.2
2408.4
2548.1
2739.1
2746.1
2756.2
2779.1
2779.2
2788.1
2789.1
2803.1
2814.1
2881.1
2886.1
2913.3
2927.1
3124.1
3127.1
3203.1
3203.2
3297.2
3315.1
3426.2
3451.2
3465.4
3513.6
3575.1
3598.1
3600.1
3616.1
3657.2
3658.2
3723.1
3760.1
3761.1
3765.3
3870.10
3900.1
3923.1
3947.1
3977.1
4003.1
4014.1
4024.1
4094.3
4138.1
4238.1
4398.1
4418.1
4426.1
4453.1
4460.4
4465.1
4465.3
4489.3
4550.8
4566.3
4618.1
4624.1
4651.1
4726.2
4742.1
4764.1
4808.1
4819.1
4839.1
4887.3
4888.2
4896.1
4899.1
4904.1
4943.1
5134.1
5150.1
5202.3
5214.1
5234.2
5287.2
5298.1
5314.2
5315.1
5356.2
5356.3
5363.1
5366.2
5378.1
5387.1
5420.1
5423.1
5424.1
5487.1
5522.1
5568.1
5627.1
5655.1
5659.1
5665.1
5676.3
5708.1
5721.1
5749.2
5777.1
5844.1
5875.1
5875.2
5954.1
5993.1
5994.1
6011.10
6045.1
6045.2
6169.1
6210.4
6213.6
6214.1
6220.2
6258.2
6327.3
6370.3
6410.1
6470.1
6493.1
6494.1
6511.1
6515.1
6521.8
6523.5
6627.1
6637.2
6639.1
6639.3
6659.2
6672.1
6837.4
6885.1
6915.1
6932.2
6970.3
6992.2
6992.3
7033.1
7047.2
7120.5
7150.1
7157.1
7251.1
7280.1
7320.1
7320.2
7378.2
7383.1
7384.1
7442.2
7449.1
7488.2
7488.4
7537.1
7630.1
7658.1
7710.2
7866.2
7876.1
7925.4
7974.1
7975.1
7985.3
8049.1
8127.1
8150.1
8173.1
8228.2
8244.2
8262.3
8313.1
8396.2
8396.3
8396.5
8401.2
8411.2
8431.1
8438.3
8446.2
8529.1
8531.1
8556.1
8595.2
8611.1
8621.2
8670.1
8807.1
8812.1
8841.1
8844.2
8915.1
8932.2
8932.5
8987.1
9104.4
9184.7
9202.2
9203.1
9335.6
9402.3
9449.2
9463.2
9490.1
9498.1
9612.1
9612.2
9660.1
9715.2
9721.2
9789.1
9792.2
9832.1
9894.2
9904.5
9904.6
10032.1
10053.2
10095.4
10165.1
10176.2
10216.1
10216.2
10265.1
10303.1
10321.2
10389.1
10475.1
10518.1
10536.1
10536.2
10570.1
10571.1
10599.1
10616.7
10653.2
10669.2
10694.1
10728.1
10765.2
10774.1
10792.1
10864.1
10874.1
10949.2
11012.1
11074.1
11105.3
11108.1
11208.1
11210.2
11211.3
11228.1
11343.1
11461.1
11464.1
11481.2
11488.2
11511.2
11557.1
11580.3
11626.1
11671.1
11671.2
11738.1
11770.1
11784.1
11799.4
11830.1
11830.2
11841.1
11885.2
11899.2
11905.1
11907.1
11936.1
11974.1
11996.1
12031.2
12050.2
12090.1
12116.1
12116.3
12126.1
12177.1
12194.1
12316.2
12347.2
12393.2
12502.1
12532.1
12536.1
12536.2
12647.1
12665.1
12719.1
12890.1
12968.3
13010.2
13086.2
13099.1
13186.7
13239.5
13274.8
13351.2
13375.1
13384.1
13411.1
13468.2
13479.2
13487.2
13492.4
13528.1
13592.1
13607.2
13656.1
13679.1
13722.1
13757.1
13795.1
13806.1
13838.3
13859.1
13879.2
13882.1
13885.1
13915.1
13917.1
13934.1
14004.2
14014.1
14048.3
14070.3
14095.4
14123.1
14170.1
14185.1
14186.1
14206.3
14206.5
14262.1
14262.2
14270.3
14343.2
14365.1
14389.3
14389.7
14413.1
14419.2
14724.2
14844.1
14844.3
14857.1
14927.1
14945.1
14945.2
14945.3
15007.2
15035.1
15077.13
15077.8
15095.2
15099.12
15148.1
15154.1
15194.2
15194.3
15208.1
15273.1
15278.1
15424.1
15466.1
15494.2
15515.4
15518.3
15525.1
15530.1
15540.1
15540.2
15701.1
15747.3
15780.1
15834.1
15834.2
15893.1
15914.1
15915.1
15966.3
16007.4
16062.1
16093.1
16096.1
16139.1
16177.1
16265.1
16291.1
16311.1
16317.1
16359.1
16441.1
16468.1
16601.2
16609.1
16654.1
16681.1
16681.2
16730.2
16791.1
16791.2
16837.1
16860.4
16926.1
16933.1
16990.1
17037.1
17079.2
17098.2
17103.2
17139.4
17164.3
17226.1
17241.1
17241.3
17241.6
17277.1
17397.1
17463.2
17465.2
17515.1
17529.1
17543.1
17543.2
17577.3
17583.1
17608.2
17828.3
17888.2
18199.1
18492.2
18574.2
18580.1
18616.1
18622.1
18623.1
18655.3
18666.2
18714.1
18750.1
18771.1
18771.2
18817.2
18830.17
18830.18
18830.19
18830.6
18833.1
18833.8
18842.2
18844.2
18925.1
18927.1
19010.1
19107.1
19128.1
19177.2
19414.1
19437.2
19473.2
19556.2
19596.2
19619.3
19684.1
19711.4
19756.2
19799.1
19834.1
19842.1
19843.1
19992.1
19993.1
19994.1
20031.2
20046.2
20122.3
20127.1
20190.1
20208.1
20230.1
20231.2
20232.12
20232.5
20239.1
20426.2
20514.1
20657.1
20671.2
20795.1
20822.2
20822.3
20904.3
20904.4
20924.1
20965.1
20986.1
21050.1
21086.2
21165.1
21172.2
21195.1
21235.1
21259.1
21322.1
21349.3
21349.5
21350.1
21381.3
21392.3
21484.1
21521.1
21553.2
21554.4
21554.7
21557.1
21575.2
21582.1
21615.1
21617.2
21617.5
21626.1
21626.2
21658.1
21660.1
21752.2
21890.1
21900.1
21972.3
21991.1
22012.1
22148.1
22148.2
22148.3
22188.1
22210.8
22244.1
22289.2
22369.1
22369.2
22486.2
22520.3
22529.3
22565.5
22646.1
22664.1
22666.1
22680.2
22688.1
22799.2
22812.1
22942.1
22969.1
23003.1
23006.2
23015.1
23075.1
23075.2
23118.2
23141.4
23146.4
23179.1
23349.2
23370.1
23383.1
23394.1
23396.1
23402.1
23612.1
23622.1
23625.1
23630.3
23667.1
23689.1
23694.2
23719.2
23746.1
23755.1
23762.1
24010.2
24019.1
24042.1
24051.1
24106.2
24275.2
24286.1
24362.5
24365.1
24418.5
24477.3
24478.2
24545.1
24558.1
24567.1
24582.1
24592.2
24627.4
24854.5
24884.1
24936.1
24969.1
24993.1
25029.1
25047.1
25124.2
25213.1
25251.1
25270.1
25271.1
25334.8
25335.1
25369.1
25491.2
25517.1
25518.1
25563.1
25586.1
25659.2
25739.1
25768.1
25888.1
25897.1
25941.1
25959.1
25978.2
26116.1
26174.2
26182.1
26236.2
26237.2
26323.2
26383.1
26433.1
26541.1
26542.1
26602.2
26731.1
26731.2
26751.3
26755.1
26764.1
26799.1
26906.1
26919.1
26951.2
26976.3
26992.3
27089.2
27100.2
27110.6
27194.1
27194.2
27194.3
27202.2
27225.2
27226.2
27230.2
27378.1
27465.2
27590.2
27601.1
27655.3
27718.1
27783.1
27867.1
27885.1
27957.2
28038.2
28084.1
28085.1
28105.1
28116.1
28121.1
28140.1
28162.1
28162.2
28236.1
28247.2
28292.2
28322.1
28332.1
28376.1
28379.1
28531.2
28668.3
28707.1
28744.1
28744.2
28755.1
28768.1
28942.1
29048.1
29076.1
29107.1
29110.2
29146.1
29191.2
29197.1
29289.1
29366.2
29369.1
29369.2
29383.1
29407.8
29426.4
29485.1
29550.1
29611.3
29690.1
29752.1
29850.1
29932.1
29933.1
29946.1
29984.1
30011.1
30190.1
30286.10
30286.8
30308.1
30309.3
30329.1
30335.1
30345.1
30398.1
30516.1
30525.3
30528.2
30548.1
30548.2
30578.1
30668.1
30674.1
30699.3
30703.2
30722.1
30947.3
30962.1
30968.2
31146.1
31146.2
31158.2
31212.3
31213.2
31347.1
31384.2
31384.5
31386.1
31404.2
31433.3
31448.1
31494.1
31569.1
31647.1
31678.1
31688.2
31699.1
31727.1
31815.1
31860.1
31989.4
32020.1
32021.1
32087.2
32179.3
32291.1
32293.2
32298.1
32337.7
32371.6
32399.4
32482.2
32557.1
32616.1
32648.3
32733.1
32735.2
32779.1
32790.1
32790.4
32791.1
32813.1
32844.1
32844.3
32888.8
32901.3
32907.1
32946.1
32993.3
33018.1
33030.1
33070.2
33106.1
33122.1
33227.2
33248.5
33315.1
33635.1
33695.1
33700.1
33726.1
33781.2
33807.3
33811.1
33832.1
33842.1
33947.1
34064.1
34143.1
34175.1
34178.1
34202.1
34260.2
34279.1
34304.1
34319.1
34454.3
34468.1
34510.2
34530.3
34542.1
34559.3
34598.1
34642.1
34646.1
34658.1
34670.4
34707.2
34715.1
34735.1
34816.1
34840.1
34881.2
34911.1
34967.4
34985.2
34985.3
34985.5
35081.3
35082.1
35110.1
35113.1
35363.1
35443.2
35449.1
35449.2
35461.2
35486.1
35487.1
35503.1
35548.3
35610.1
35728.2
35751.2
35765.3
35806.2
35907.1
35937.1
35939.3
35985.1
36049.1
36140.1
36145.1
36145.2
36156.1
36157.2
36158.1
36160.1
36164.2
36204.1
36308.2
36311.1
36339.1
36348.1
36398.1
36425.1
36433.1
36440.4
36458.1
36459.1
36532.1
36555.1
36563.2
36571.2
36595.1
36623.2
36633.7
36635.1
36685.1
36693.1
36793.1
36797.1
36866.1
36866.4
36935.1
36937.1
36937.2
36964.1
36965.2
36976.1
37003.1
37026.6
37075.1
37163.1
37204.1
37204.2
37231.3
37259.1
37259.2
37270.1
37340.1
37370.1
37391.1
37475.1
37483.3
37500.2
37577.1
37594.1
37665.13
37685.1
37696.4
37733.1
37763.4
37844.1
38089.5
38100.1
38101.1
38124.1
38134.1
38141.1
38149.1
38171.1
38291.1
38291.2
38341.1
38360.1
38371.1
38394.3
38402.1
38416.2
38443.1
38483.1
38484.1
38484.2
38556.3
38619.2
38655.2
38684.2
38697.1
38700.1
38702.1
38724.5
38744.1
38745.1
38767.1
38771.1
38771.2
38806.1
38856.1
38868.2
38868.4
38906.2
38995.2
39123.1
39209.1
39254.1
39277.3
39285.1
39368.1
39426.1
39433.1
39449.2
39478.1
39493.1
39497.1
39511.2
39534.2
39534.5
39581.8
39593.3
39618.9
39732.2
39753.2
39779.2
39781.1
39801.1
39907.1
40001.3
40052.3
40140.1
40142.1
40164.2
40183.1
40198.1
40206.1
40207.1
40284.1
40287.1
40344.1
40369.3
40374.1
40374.7
40412.3
40421.1
40438.1
40512.1
40565.1
40676.3
40696.2
40751.1
40759.1
40777.1
40800.4
40906.1
40911.1
40916.2
40935.5
40964.1
40973.1
40998.2
41026.1
41064.1
41220.4
41328.1
41384.3
41384.4
41384.5
41384.6
41443.3
41499.1
41570.2
41570.3
41688.1
41695.3
41705.3
41752.1
41783.1
41907.1
41930.1
41941.1
41942.1
41947.1
41948.1
41966.1
41983.1
42009.1
42027.1
42027.2
42038.1
42112.1
42113.1
42128.1
42178.1
42192.1
42201.2
42270.2
42298.1
42336.1
42345.1
42445.1
42501.1
42523.1
42553.1
42588.1
42589.2
42727.3
42735.2
42770.4
42813.6
